Filename	Kingdom_SSV	Kingdom_PPV	Phylum_SSV	Phylum_PPV	Class_SSV	Class_PPV	Order_SSV	Order_PPV	Family_SSV	Family_PPV	Genus_SSV	Genus_PPV	Species_SSV	Species_PPV	Kingdom_Dist	Phylum_Dist	Class_Dist	Order_Dist	Family_Dist	Genus_Dist	Species_Dist	Kingdom_TP	Phylum_TP	Class_TP	Order_TP	Family_TP	Genus_TP	Species_TP	Kingdom_FP	Phylum_FP	Class_FP	Order_FP	Family_FP	Genus_FP	Species_FP	Kingdom_FN	Phylum_FN	Class_FN	Order_FN	Family_FN	Genus_FN	Species_FN	Kingdom_TN	Phylum_TN	Class_TN	Order_TN	Family_TN	Genus_TN	Species_TN	Kingdom_F1	Phylum_F1	Class_F1	Order_F1	Family_F1	Genus_F1	Species_F1
001.comp	0	0	0	0	0	0	0	0	0	0	0.894736842105263	0.918918918918919	0	0	1.4142135623731	1.4142135623731	1.4142135623731	1.4142135623731	1.4142135623731	0.132870140058815	1.4142135623731	0	0	0	0	0	34	0	1	1	1	1	1	3	1	1	6	12	17	24	4	53	0	0	0	0	0	0	0	0	0	0	0	0	0.906666666666667	0
002.comp	0	0	0	0	0	0	0	0	0	0	0.880952380952381	1	0	0	1.4142135623731	1.4142135623731	1.4142135623731	1.4142135623731	1.4142135623731	0.119047619047619	1.4142135623731	0	0	0	0	0	37	0	1	1	1	1	1	0	1	1	7	13	20	28	5	61	0	0	0	0	0	0	0	0	0	0	0	0	0.936708860759494	0
003.comp	0	0	0	0	0	0	0	0	0	0	0.875	0.933333333333333	0	0	1.4142135623731	1.4142135623731	1.4142135623731	1.4142135623731	1.4142135623731	0.141666666666667	1.4142135623731	0	0	0	0	0	14	0	1	1	1	1	1	1	1	1	6	9	11	14	2	18	0	0	0	0	0	0	0	0	0	0	0	0	0.903225806451613	0
004.comp	0	0	0	0	0	0	0	0	0	0	0.857142857142857	0.857142857142857	0	0	1.4142135623731	1.4142135623731	1.4142135623731	1.4142135623731	1.4142135623731	0.202030508910442	1.4142135623731	0	0	0	0	0	12	0	1	1	1	1	1	2	1	1	5	8	12	13	2	15	0	0	0	0	0	0	0	0	0	0	0	0	0.857142857142857	0
005.comp	0	0	0	0	0	0	0	0	0	0	0.947368421052632	0.947368421052632	0	0	1.4142135623731	1.4142135623731	1.4142135623731	1.4142135623731	1.4142135623731	0.0744322927564788	1.4142135623731	0	0	0	0	0	18	0	1	1	1	1	1	1	1	1	6	10	14	18	1	20	0	0	0	0	0	0	0	0	0	0	0	0	0.947368421052632	0
006.comp	0	0	0	0	0	0	0	0	0	0	0.844444444444444	0.95	0	0	1.4142135623731	1.4142135623731	1.4142135623731	1.4142135623731	1.4142135623731	0.163393790776142	1.4142135623731	0	0	0	0	0	38	0	1	1	1	1	1	2	1	1	7	13	20	29	7	63	0	0	0	0	0	0	0	0	0	0	0	0	0.894117647058824	0
007.comp	0	0	0	0	0	0	0	0	0	0	0.857142857142857	0.857142857142857	0	0	1.4142135623731	1.4142135623731	1.4142135623731	1.4142135623731	1.4142135623731	0.202030508910442	1.4142135623731	0	0	0	0	0	6	0	1	1	1	1	1	1	1	1	3	5	6	6	1	7	0	0	0	0	0	0	0	0	0	0	0	0	0.857142857142857	0
008.comp	0	0	0	0	0	0	0	0	0	0	0.930232558139535	0.975609756097561	0	0	1.4142135623731	1.4142135623731	1.4142135623731	1.4142135623731	1.4142135623731	0.0739079152822879	1.4142135623731	0	0	0	0	0	40	0	1	1	1	1	1	1	1	1	6	12	19	29	3	60	0	0	0	0	0	0	0	0	0	0	0	0	0.952380952380952	0
009.comp	0	0	0	0	0	0	0	0	0	0	0.961538461538462	0.961538461538462	0	0	1.4142135623731	1.4142135623731	1.4142135623731	1.4142135623731	1.4142135623731	0.0543928293220421	1.4142135623731	0	0	0	0	0	25	0	1	1	1	1	1	1	1	1	5	11	14	17	1	38	0	0	0	0	0	0	0	0	0	0	0	0	0.961538461538461	0
010.comp	0	0	0	0	0	0	0	0	0	0	0.857142857142857	0.857142857142857	0	0	1.4142135623731	1.4142135623731	1.4142135623731	1.4142135623731	1.4142135623731	0.202030508910442	1.4142135623731	0	0	0	0	0	6	0	1	1	1	1	1	1	1	1	6	6	7	7	1	7	0	0	0	0	0	0	0	0	0	0	0	0	0.857142857142857	0
011.comp	0	0	0	0	0	0	0	0	0	0	0.896551724137931	0.962962962962963	0	0	1.4142135623731	1.4142135623731	1.4142135623731	1.4142135623731	1.4142135623731	0.109878514238761	1.4142135623731	0	0	0	0	0	26	0	1	1	1	1	1	1	1	1	6	11	17	25	3	35	0	0	0	0	0	0	0	0	0	0	0	0	0.928571428571428	0
012.comp	0	0	0	0	0	0	0	0	0	0	1	1	0	0	1.4142135623731	1.4142135623731	1.4142135623731	1.4142135623731	1.4142135623731	0	1.4142135623731	0	0	0	0	0	1	0	1	1	1	1	1	0	1	1	1	1	1	1	0	1	0	0	0	0	0	0	0	0	0	0	0	0	1	0
013.comp	0	0	0	0	0	0	0	0	0	0	0.769230769230769	1	0	0	1.4142135623731	1.4142135623731	1.4142135623731	1.4142135623731	1.4142135623731	0.230769230769231	1.4142135623731	0	0	0	0	0	10	0	1	1	1	1	1	0	1	1	5	7	9	10	3	15	0	0	0	0	0	0	0	0	0	0	0	0	0.869565217391304	0
014.comp	0	0	0	0	0	0	0	0	0	0	0.857142857142857	1	0	0	1.4142135623731	1.4142135623731	1.4142135623731	1.4142135623731	1.4142135623731	0.142857142857143	1.4142135623731	0	0	0	0	0	18	0	1	1	1	1	1	0	1	1	7	13	14	16	3	22	0	0	0	0	0	0	0	0	0	0	0	0	0.923076923076923	0
015.comp	0	0	0	0	0	0	0	0	0	0	0.941176470588235	1	0	0	1.4142135623731	1.4142135623731	1.4142135623731	1.4142135623731	1.4142135623731	0.0588235294117647	1.4142135623731	0	0	0	0	0	32	0	1	1	1	1	1	0	1	1	7	13	20	25	2	44	0	0	0	0	0	0	0	0	0	0	0	0	0.96969696969697	0
016.comp	0	0	0	0	0	0	0	0	0	0	0.909090909090909	0.909090909090909	0	0	1.4142135623731	1.4142135623731	1.4142135623731	1.4142135623731	1.4142135623731	0.128564869306645	1.4142135623731	0	0	0	0	0	10	0	1	1	1	1	1	1	1	1	5	8	9	10	1	12	0	0	0	0	0	0	0	0	0	0	0	0	0.909090909090909	0
017.comp	0	0	0	0	0	0	0	0	0	0	0.944444444444444	0.971428571428571	0	0	1.4142135623731	1.4142135623731	1.4142135623731	1.4142135623731	1.4142135623731	0.0624719639814427	1.4142135623731	0	0	0	0	0	34	0	1	1	1	1	1	1	1	1	6	12	19	26	2	44	0	0	0	0	0	0	0	0	0	0	0	0	0.957746478873239	0
018.comp	0	0	0	0	0	0	0	0	0	0	0.857142857142857	0.923076923076923	0	0	1.4142135623731	1.4142135623731	1.4142135623731	1.4142135623731	1.4142135623731	0.162250802859708	1.4142135623731	0	0	0	0	0	12	0	1	1	1	1	1	1	1	1	4	8	11	14	2	17	0	0	0	0	0	0	0	0	0	0	0	0	0.888888888888889	0
019.comp	0	0	0	0	0	0	0	0	0	0	0.714285714285714	0.909090909090909	0	0	1.4142135623731	1.4142135623731	1.4142135623731	1.4142135623731	1.4142135623731	0.299828477418576	1.4142135623731	0	0	0	0	0	10	0	1	1	1	1	1	1	1	1	5	8	10	14	4	16	0	0	0	0	0	0	0	0	0	0	0	0	0.8	0
020.comp	0	0	0	0	0	0	0	0	0	0	0.862068965517241	0.892857142857143	0	0	1.4142135623731	1.4142135623731	1.4142135623731	1.4142135623731	1.4142135623731	0.174655552760909	1.4142135623731	0	0	0	0	0	25	0	1	1	1	1	1	3	1	1	6	12	17	21	4	33	0	0	0	0	0	0	0	0	0	0	0	0	0.87719298245614	0
021.comp	0	0	0	0	0	0	0	0	0	0	0.666666666666667	1	0	0	1.4142135623731	1.4142135623731	1.4142135623731	1.4142135623731	1.4142135623731	0.333333333333333	1.4142135623731	0	0	0	0	0	12	0	1	1	1	1	1	0	1	1	6	10	14	15	6	20	0	0	0	0	0	0	0	0	0	0	0	0	0.8	0
022.comp	0	0	0	0	0	0	0	0	0	0	0.8	0.8	0	0	1.4142135623731	1.4142135623731	1.4142135623731	1.4142135623731	1.4142135623731	0.282842712474619	1.4142135623731	0	0	0	0	0	4	0	1	1	1	1	1	1	1	1	4	4	5	5	1	6	0	0	0	0	0	0	0	0	0	0	0	0	0.8	0
023.comp	0	0	0	0	0	0	0	0	0	0	0.764705882352941	0.962962962962963	0	0	1.4142135623731	1.4142135623731	1.4142135623731	1.4142135623731	1.4142135623731	0.238191233910467	1.4142135623731	0	0	0	0	0	26	0	1	1	1	1	1	1	1	1	7	13	19	23	8	45	0	0	0	0	0	0	0	0	0	0	0	0	0.852459016393443	0
024.comp	0	0	0	0	0	0	0	0	0	0	1	1	0	0	1.4142135623731	1.4142135623731	1.4142135623731	1.4142135623731	1.4142135623731	0	1.4142135623731	0	0	0	0	0	5	0	1	1	1	1	1	0	1	1	3	4	5	5	0	5	0	0	0	0	0	0	0	0	0	0	0	0	1	0
025.comp	0	0	0	0	0	0	0	0	0	0	0.941176470588235	0.941176470588235	0	0	1.4142135623731	1.4142135623731	1.4142135623731	1.4142135623731	1.4142135623731	0.0831890330807703	1.4142135623731	0	0	0	0	0	32	0	1	1	1	1	1	2	1	1	6	11	17	25	2	44	0	0	0	0	0	0	0	0	0	0	0	0	0.941176470588235	0
026.comp	0	0	0	0	0	0	0	0	0	0	0.956521739130435	0.956521739130435	0	0	1.4142135623731	1.4142135623731	1.4142135623731	1.4142135623731	1.4142135623731	0.0614875461901345	1.4142135623731	0	0	0	0	0	22	0	1	1	1	1	1	1	1	1	6	12	15	20	1	31	0	0	0	0	0	0	0	0	0	0	0	0	0.956521739130435	0
027.comp	0	0	0	0	0	0	0	0	0	0	0.777777777777778	1	0	0	1.4142135623731	1.4142135623731	1.4142135623731	1.4142135623731	1.4142135623731	0.222222222222222	1.4142135623731	0	0	0	0	0	7	0	1	1	1	1	1	0	1	1	4	6	8	8	2	9	0	0	0	0	0	0	0	0	0	0	0	0	0.875	0
028.comp	0	0	0	0	0	0	0	0	0	0	1	1	0	0	1.4142135623731	1.4142135623731	1.4142135623731	1.4142135623731	1.4142135623731	0	1.4142135623731	0	0	0	0	0	9	0	1	1	1	1	1	0	1	1	5	7	7	9	0	9	0	0	0	0	0	0	0	0	0	0	0	0	1	0
029.comp	0	0	0	0	0	0	0	0	0	0	0.25	1	0	0	1.4142135623731	1.4142135623731	1.4142135623731	1.4142135623731	1.4142135623731	0.75	1.4142135623731	0	0	0	0	0	11	0	1	1	1	1	1	0	1	1	7	13	19	28	33	61	0	0	0	0	0	0	0	0	0	0	0	0	0.4	0
030.comp	0	0	0	0	0	0	0	0	0	0	0.854166666666667	0.953488372093023	0	0	1.4142135623731	1.4142135623731	1.4142135623731	1.4142135623731	1.4142135623731	0.153070874570142	1.4142135623731	0	0	0	0	0	41	0	1	1	1	1	1	2	1	1	7	13	20	29	7	69	0	0	0	0	0	0	0	0	0	0	0	0	0.901098901098901	0
031.comp	0	0	0	0	0	0	0	0	0	0	0.931034482758621	1	0	0	1.4142135623731	1.4142135623731	1.4142135623731	1.4142135623731	1.4142135623731	0.0689655172413793	1.4142135623731	0	0	0	0	0	27	0	1	1	1	1	1	0	1	1	7	12	17	23	2	35	0	0	0	0	0	0	0	0	0	0	0	0	0.964285714285714	0
032.comp	0	0	0	0	0	0	0	0	0	0	1	1	0	0	1.4142135623731	1.4142135623731	1.4142135623731	1.4142135623731	1.4142135623731	0	1.4142135623731	0	0	0	0	0	3	0	1	1	1	1	1	0	1	1	2	2	3	3	0	3	0	0	0	0	0	0	0	0	0	0	0	0	1	0
033.comp	0	0	0	0	0	0	0	0	0	0	0.842105263157895	0.888888888888889	0	0	1.4142135623731	1.4142135623731	1.4142135623731	1.4142135623731	1.4142135623731	0.193071041160458	1.4142135623731	0	0	0	0	0	16	0	1	1	1	1	1	2	1	1	7	9	12	14	3	24	0	0	0	0	0	0	0	0	0	0	0	0	0.864864864864865	0
034.comp	0	0	0	0	0	0	0	0	0	0	0.75	0.75	0	0	1.4142135623731	1.4142135623731	1.4142135623731	1.4142135623731	1.4142135623731	0.353553390593274	1.4142135623731	0	0	0	0	0	3	0	1	1	1	1	1	1	1	1	3	3	4	4	1	4	0	0	0	0	0	0	0	0	0	0	0	0	0.75	0
035.comp	0	0	0	0	0	0	0	0	0	0	0.6	0.857142857142857	0	0	1.4142135623731	1.4142135623731	1.4142135623731	1.4142135623731	1.4142135623731	0.424744821351957	1.4142135623731	0	0	0	0	0	6	0	1	1	1	1	1	1	1	1	5	6	8	10	4	11	0	0	0	0	0	0	0	0	0	0	0	0	0.705882352941176	0
036.comp	0	0	0	0	0	0	0	0	0	0	0.875	0.933333333333333	0	0	1.4142135623731	1.4142135623731	1.4142135623731	1.4142135623731	1.4142135623731	0.141666666666667	1.4142135623731	0	0	0	0	0	14	0	1	1	1	1	1	1	1	1	5	7	10	12	2	24	0	0	0	0	0	0	0	0	0	0	0	0	0.903225806451613	0
037.comp	0	0	0	0	0	0	0	0	0	0	0.857142857142857	0.857142857142857	0	0	1.4142135623731	1.4142135623731	1.4142135623731	1.4142135623731	1.4142135623731	0.202030508910442	1.4142135623731	0	0	0	0	0	18	0	1	1	1	1	1	3	1	1	6	10	14	16	3	25	0	0	0	0	0	0	0	0	0	0	0	0	0.857142857142857	0
038.comp	0	0	0	0	0	0	0	0	0	0	0.847826086956522	0.975	0	0	1.4142135623731	1.4142135623731	1.4142135623731	1.4142135623731	1.4142135623731	0.154213811998031	1.4142135623731	0	0	0	0	0	39	0	1	1	1	1	1	1	1	1	7	13	20	29	7	69	0	0	0	0	0	0	0	0	0	0	0	0	0.906976744186046	0
039.comp	0	0	0	0	0	0	0	0	0	0	0.769230769230769	0.967741935483871	0	0	1.4142135623731	1.4142135623731	1.4142135623731	1.4142135623731	1.4142135623731	0.233012919376049	1.4142135623731	0	0	0	0	0	30	0	1	1	1	1	1	1	1	1	7	13	18	27	9	55	0	0	0	0	0	0	0	0	0	0	0	0	0.857142857142857	0
040.comp	0	0	0	0	0	0	0	0	0	0	1	1	0	0	1.4142135623731	1.4142135623731	1.4142135623731	1.4142135623731	1.4142135623731	0	1.4142135623731	0	0	0	0	0	17	0	1	1	1	1	1	0	1	1	6	9	11	15	0	21	0	0	0	0	0	0	0	0	0	0	0	0	1	0
041.comp	0	0	0	0	0	0	0	0	0	0	0.791666666666667	0.95	0	0	1.4142135623731	1.4142135623731	1.4142135623731	1.4142135623731	1.4142135623731	0.214249335536374	1.4142135623731	0	0	0	0	0	38	0	1	1	1	1	1	2	1	1	7	13	20	29	10	70	0	0	0	0	0	0	0	0	0	0	0	0	0.863636363636364	0
042.comp	0	0	0	0	0	0	0	0	0	0	0.857142857142857	1	0	0	1.4142135623731	1.4142135623731	1.4142135623731	1.4142135623731	1.4142135623731	0.142857142857143	1.4142135623731	0	0	0	0	0	24	0	1	1	1	1	1	0	1	1	5	10	13	20	4	38	0	0	0	0	0	0	0	0	0	0	0	0	0.923076923076923	0
043.comp	0	0	0	0	0	0	0	0	0	0	0.666666666666667	1	0	0	1.4142135623731	1.4142135623731	1.4142135623731	1.4142135623731	1.4142135623731	0.333333333333333	1.4142135623731	0	0	0	0	0	24	0	1	1	1	1	1	0	1	1	7	12	19	27	12	48	0	0	0	0	0	0	0	0	0	0	0	0	0.8	0
044.comp	0	0	0	0	0	0	0	0	0	0	0.766666666666667	0.958333333333333	0	0	1.4142135623731	1.4142135623731	1.4142135623731	1.4142135623731	1.4142135623731	0.237024377555465	1.4142135623731	0	0	0	0	0	23	0	1	1	1	1	1	1	1	1	7	11	15	23	7	35	0	0	0	0	0	0	0	0	0	0	0	0	0.851851851851852	0
045.comp	0	0	0	0	0	0	0	0	0	0	0.86046511627907	0.973684210526316	0	0	1.4142135623731	1.4142135623731	1.4142135623731	1.4142135623731	1.4142135623731	0.141994734235593	1.4142135623731	0	0	0	0	0	37	0	1	1	1	1	1	1	1	1	6	12	19	27	6	59	0	0	0	0	0	0	0	0	0	0	0	0	0.91358024691358	0
046.comp	0	0	0	0	0	0	0	0	0	0	0.682926829268293	0.96551724137931	0	0	1.4142135623731	1.4142135623731	1.4142135623731	1.4142135623731	1.4142135623731	0.318942716235927	1.4142135623731	0	0	0	0	0	28	0	1	1	1	1	1	1	1	1	7	13	20	29	13	57	0	0	0	0	0	0	0	0	0	0	0	0	0.8	0
047.comp	0	0	0	0	0	0	0	0	0	0	0.970588235294118	0.942857142857143	0	0	1.4142135623731	1.4142135623731	1.4142135623731	1.4142135623731	1.4142135623731	0.0642678615294081	1.4142135623731	0	0	0	0	0	33	0	1	1	1	1	1	2	1	1	6	12	17	24	1	49	0	0	0	0	0	0	0	0	0	0	0	0	0.956521739130435	0
048.comp	0	0	0	0	0	0	0	0	0	0	0.954545454545455	0.954545454545455	0	0	1.4142135623731	1.4142135623731	1.4142135623731	1.4142135623731	1.4142135623731	0.0642824346533224	1.4142135623731	0	0	0	0	0	21	0	1	1	1	1	1	1	1	1	7	12	14	18	1	24	0	0	0	0	0	0	0	0	0	0	0	0	0.954545454545454	0
049.comp	0	0	0	0	0	0	0	0	0	0	0.897435897435897	0.945945945945946	0	0	1.4142135623731	1.4142135623731	1.4142135623731	1.4142135623731	1.4142135623731	0.115936344148237	1.4142135623731	0	0	0	0	0	35	0	1	1	1	1	1	2	1	1	7	13	20	27	4	54	0	0	0	0	0	0	0	0	0	0	0	0	0.921052631578947	0
050.comp	0	0	0	0	0	0	0	0	0	0	1	1	0	0	1.4142135623731	1.4142135623731	1.4142135623731	1.4142135623731	1.4142135623731	0	1.4142135623731	0	0	0	0	0	13	0	1	1	1	1	1	0	1	1	4	9	10	12	0	15	0	0	0	0	0	0	0	0	0	0	0	0	1	0
051.comp	0	0	0	0	0	0	0	0	0	0	0.92	0.92	0	0	1.4142135623731	1.4142135623731	1.4142135623731	1.4142135623731	1.4142135623731	0.113137084989848	1.4142135623731	0	0	0	0	0	23	0	1	1	1	1	1	2	1	1	6	10	14	18	2	32	0	0	0	0	0	0	0	0	0	0	0	0	0.92	0
052.comp	0	0	0	0	0	0	0	0	0	0	0.91304347826087	0.91304347826087	0	0	1.4142135623731	1.4142135623731	1.4142135623731	1.4142135623731	1.4142135623731	0.122975092380269	1.4142135623731	0	0	0	0	0	21	0	1	1	1	1	1	2	1	1	5	10	16	18	2	30	0	0	0	0	0	0	0	0	0	0	0	0	0.91304347826087	0
053.comp	0	0	0	0	0	0	0	0	0	0	0.808510638297872	0.974358974358974	0	0	1.4142135623731	1.4142135623731	1.4142135623731	1.4142135623731	1.4142135623731	0.193198441611241	1.4142135623731	0	0	0	0	0	38	0	1	1	1	1	1	1	1	1	7	13	20	30	9	68	0	0	0	0	0	0	0	0	0	0	0	0	0.883720930232558	0
054.comp	0	0	0	0	0	0	0	0	0	0	0.909090909090909	0.952380952380952	0	0	1.4142135623731	1.4142135623731	1.4142135623731	1.4142135623731	1.4142135623731	0.102625710745712	1.4142135623731	0	0	0	0	0	40	0	1	1	1	1	1	2	1	1	7	13	19	28	4	61	0	0	0	0	0	0	0	0	0	0	0	0	0.930232558139535	0
055.comp	0	0	0	0	0	0	0	0	0	0	0.862068965517241	0.925925925925926	0	0	1.4142135623731	1.4142135623731	1.4142135623731	1.4142135623731	1.4142135623731	0.156562890633175	1.4142135623731	0	0	0	0	0	25	0	1	1	1	1	1	2	1	1	5	11	17	21	4	32	0	0	0	0	0	0	0	0	0	0	0	0	0.892857142857143	0
056.comp	0	0	0	0	0	0	0	0	0	0	0.931034482758621	0.964285714285714	0	0	1.4142135623731	1.4142135623731	1.4142135623731	1.4142135623731	1.4142135623731	0.0776643597311703	1.4142135623731	0	0	0	0	0	27	0	1	1	1	1	1	1	1	1	7	13	20	21	2	34	0	0	0	0	0	0	0	0	0	0	0	0	0.947368421052632	0
057.comp	0	0	0	0	0	0	0	0	0	0	0.75	0.857142857142857	0	0	1.4142135623731	1.4142135623731	1.4142135623731	1.4142135623731	1.4142135623731	0.287937776724948	1.4142135623731	0	0	0	0	0	18	0	1	1	1	1	1	3	1	1	7	13	18	22	6	31	0	0	0	0	0	0	0	0	0	0	0	0	0.8	0
058.comp	0	0	0	0	0	0	0	0	0	0	0.956521739130435	0.956521739130435	0	0	1.4142135623731	1.4142135623731	1.4142135623731	1.4142135623731	1.4142135623731	0.0614875461901345	1.4142135623731	0	0	0	0	0	22	0	1	1	1	1	1	1	1	1	6	8	11	14	1	34	0	0	0	0	0	0	0	0	0	0	0	0	0.956521739130435	0
059.comp	0	0	0	0	0	0	0	0	0	0	1	1	0	0	1.4142135623731	1.4142135623731	1.4142135623731	1.4142135623731	1.4142135623731	0	1.4142135623731	0	0	0	0	0	8	0	1	1	1	1	1	0	1	1	5	7	8	8	0	8	0	0	0	0	0	0	0	0	0	0	0	0	1	0
060.comp	0	0	0	0	0	0	0	0	0	0	0.840909090909091	0.948717948717949	0	0	1.4142135623731	1.4142135623731	1.4142135623731	1.4142135623731	1.4142135623731	0.167151925322644	1.4142135623731	0	0	0	0	0	37	0	1	1	1	1	1	2	1	1	6	12	18	27	7	63	0	0	0	0	0	0	0	0	0	0	0	0	0.891566265060241	0
061.comp	0	0	0	0	0	0	0	0	0	0	0.739130434782609	0.894736842105263	0	0	1.4142135623731	1.4142135623731	1.4142135623731	1.4142135623731	1.4142135623731	0.281306349851338	1.4142135623731	0	0	0	0	0	17	0	1	1	1	1	1	2	1	1	6	12	17	18	6	28	0	0	0	0	0	0	0	0	0	0	0	0	0.80952380952381	0
062.comp	0	0	0	0	0	0	0	0	0	0	1	1	0	0	1.4142135623731	1.4142135623731	1.4142135623731	1.4142135623731	1.4142135623731	0	1.4142135623731	0	0	0	0	0	16	0	1	1	1	1	1	0	1	1	5	10	11	12	0	16	0	0	0	0	0	0	0	0	0	0	0	0	1	0
063.comp	0	0	0	0	0	0	0	0	0	0	0.902439024390244	0.948717948717949	0	0	1.4142135623731	1.4142135623731	1.4142135623731	1.4142135623731	1.4142135623731	0.1102179329584	1.4142135623731	0	0	0	0	0	37	0	1	1	1	1	1	2	1	1	7	13	20	29	4	59	0	0	0	0	0	0	0	0	0	0	0	0	0.925	0
064.comp	0	0	0	0	0	0	0	0	0	0	0.916666666666667	0.916666666666667	0	0	1.4142135623731	1.4142135623731	1.4142135623731	1.4142135623731	1.4142135623731	0.117851130197758	1.4142135623731	0	0	0	0	0	22	0	1	1	1	1	1	2	1	1	5	11	14	16	2	28	0	0	0	0	0	0	0	0	0	0	0	0	0.916666666666667	0
065.comp	0	0	0	0	0	0	0	0	0	0	0.875	0.933333333333333	0	0	1.4142135623731	1.4142135623731	1.4142135623731	1.4142135623731	1.4142135623731	0.141666666666667	1.4142135623731	0	0	0	0	0	14	0	1	1	1	1	1	1	1	1	5	8	11	12	2	18	0	0	0	0	0	0	0	0	0	0	0	0	0.903225806451613	0
066.comp	0	0	0	0	0	0	0	0	0	0	1	1	0	0	1.4142135623731	1.4142135623731	1.4142135623731	1.4142135623731	1.4142135623731	0	1.4142135623731	0	0	0	0	0	3	0	1	1	1	1	1	0	1	1	3	3	3	3	0	3	0	0	0	0	0	0	0	0	0	0	0	0	1	0
067.comp	0	0	0	0	0	0	0	0	0	0	0.833333333333333	0.9375	0	0	1.4142135623731	1.4142135623731	1.4142135623731	1.4142135623731	1.4142135623731	0.178000078027449	1.4142135623731	0	0	0	0	0	15	0	1	1	1	1	1	1	1	1	3	8	12	14	3	21	0	0	0	0	0	0	0	0	0	0	0	0	0.882352941176471	0
068.comp	0	0	0	0	0	0	0	0	0	0	0.95	0.974358974358974	0	0	1.4142135623731	1.4142135623731	1.4142135623731	1.4142135623731	1.4142135623731	0.0561913000020799	1.4142135623731	0	0	0	0	0	38	0	1	1	1	1	1	1	1	1	7	12	19	29	2	55	0	0	0	0	0	0	0	0	0	0	0	0	0.962025316455696	0
069.comp	0	0	0	0	0	0	0	0	0	0	0.863636363636364	0.926829268292683	0	0	1.4142135623731	1.4142135623731	1.4142135623731	1.4142135623731	1.4142135623731	0.154754635797763	1.4142135623731	0	0	0	0	0	38	0	1	1	1	1	1	3	1	1	7	13	20	29	6	64	0	0	0	0	0	0	0	0	0	0	0	0	0.894117647058823	0
070.comp	0	0	0	0	0	0	0	0	0	0	1	1	0	0	1.4142135623731	1.4142135623731	1.4142135623731	1.4142135623731	1.4142135623731	0	1.4142135623731	0	0	0	0	0	14	0	1	1	1	1	1	0	1	1	4	8	11	13	0	16	0	0	0	0	0	0	0	0	0	0	0	0	1	0
071.comp	0	0	0	0	0	0	0	0	0	0	1	0.833333333333333	0	0	1.4142135623731	1.4142135623731	1.4142135623731	1.4142135623731	1.4142135623731	0.166666666666667	1.4142135623731	0	0	0	0	0	5	0	1	1	1	1	1	1	1	1	3	5	5	5	0	7	0	0	0	0	0	0	0	0	0	0	0	0	0.909090909090909	0
072.comp	0	0	0	0	0	0	0	0	0	0	1	1	0	0	1.4142135623731	1.4142135623731	1.4142135623731	1.4142135623731	1.4142135623731	0	1.4142135623731	0	0	0	0	0	6	0	1	1	1	1	1	0	1	1	4	4	4	6	0	6	0	0	0	0	0	0	0	0	0	0	0	0	1	0
073.comp	0	0	0	0	0	0	0	0	0	0	1	1	0	0	1.4142135623731	1.4142135623731	1.4142135623731	1.4142135623731	1.4142135623731	0	1.4142135623731	0	0	0	0	0	5	0	1	1	1	1	1	0	1	1	3	4	4	5	0	5	0	0	0	0	0	0	0	0	0	0	0	0	1	0
074.comp	0	0	0	0	0	0	0	0	0	0	0.408163265306122	0.909090909090909	0	0	1.4142135623731	1.4142135623731	1.4142135623731	1.4142135623731	1.4142135623731	0.598778075202348	1.4142135623731	0	0	0	0	0	20	0	1	1	1	1	1	2	1	1	7	13	20	30	29	73	0	0	0	0	0	0	0	0	0	0	0	0	0.563380281690141	0
075.comp	0	0	0	0	0	0	0	0	0	0	0.818181818181818	0.818181818181818	0	0	1.4142135623731	1.4142135623731	1.4142135623731	1.4142135623731	1.4142135623731	0.25712973861329	1.4142135623731	0	0	0	0	0	9	0	1	1	1	1	1	2	1	1	5	8	10	10	2	12	0	0	0	0	0	0	0	0	0	0	0	0	0.818181818181818	0
076.comp	0	0	0	0	0	0	0	0	0	0	0.894736842105263	0.944444444444444	0	0	1.4142135623731	1.4142135623731	1.4142135623731	1.4142135623731	1.4142135623731	0.119024166298524	1.4142135623731	0	0	0	0	0	17	0	1	1	1	1	1	1	1	1	6	11	13	17	2	21	0	0	0	0	0	0	0	0	0	0	0	0	0.918918918918919	0
077.comp	0	0	0	0	0	0	0	0	0	0	0.454545454545455	0.909090909090909	0	0	1.4142135623731	1.4142135623731	1.4142135623731	1.4142135623731	1.4142135623731	0.552978411845293	1.4142135623731	0	0	0	0	0	20	0	1	1	1	1	1	2	1	1	7	13	20	29	24	66	0	0	0	0	0	0	0	0	0	0	0	0	0.606060606060606	0
078.comp	0	0	0	0	0	0	0	0	0	0	0.823529411764706	0.96551724137931	0	0	1.4142135623731	1.4142135623731	1.4142135623731	1.4142135623731	1.4142135623731	0.179808034175905	1.4142135623731	0	0	0	0	0	28	0	1	1	1	1	1	1	1	1	7	13	20	26	6	46	0	0	0	0	0	0	0	0	0	0	0	0	0.888888888888889	0
079.comp	0	0	0	0	0	0	0	0	0	0	0.826086956521739	0.95	0	0	1.4142135623731	1.4142135623731	1.4142135623731	1.4142135623731	1.4142135623731	0.180957858883972	1.4142135623731	0	0	0	0	0	38	0	1	1	1	1	1	2	1	1	7	13	19	28	8	67	0	0	0	0	0	0	0	0	0	0	0	0	0.883720930232558	0
080.comp	0	0	0	0	0	0	0	0	0	0	0.862068965517241	0.925925925925926	0	0	1.4142135623731	1.4142135623731	1.4142135623731	1.4142135623731	1.4142135623731	0.156562890633175	1.4142135623731	0	0	0	0	0	25	0	1	1	1	1	1	2	1	1	6	11	16	22	4	35	0	0	0	0	0	0	0	0	0	0	0	0	0.892857142857143	0
081.comp	0	0	0	0	0	0	0	0	0	0	0.791666666666667	0.904761904761905	0	0	1.4142135623731	1.4142135623731	1.4142135623731	1.4142135623731	1.4142135623731	0.229070016724927	1.4142135623731	0	0	0	0	0	19	0	1	1	1	1	1	2	1	1	6	11	17	20	5	26	0	0	0	0	0	0	0	0	0	0	0	0	0.844444444444445	0
082.comp	0	0	0	0	0	0	0	0	0	0	0.939393939393939	0.96875	0	0	1.4142135623731	1.4142135623731	1.4142135623731	1.4142135623731	1.4142135623731	0.0681883940431617	1.4142135623731	0	0	0	0	0	31	0	1	1	1	1	1	1	1	1	6	11	17	24	2	45	0	0	0	0	0	0	0	0	0	0	0	0	0.953846153846154	0
083.comp	0	0	0	0	0	0	0	0	0	0	0.9	1	0	0	1.4142135623731	1.4142135623731	1.4142135623731	1.4142135623731	1.4142135623731	0.1	1.4142135623731	0	0	0	0	0	9	0	1	1	1	1	1	0	1	1	4	6	7	9	1	10	0	0	0	0	0	0	0	0	0	0	0	0	0.947368421052632	0
084.comp	0	0	0	0	0	0	0	0	0	0	0.851851851851852	0.92	0	0	1.4142135623731	1.4142135623731	1.4142135623731	1.4142135623731	1.4142135623731	0.168368268387264	1.4142135623731	0	0	0	0	0	23	0	1	1	1	1	1	2	1	1	6	12	17	21	4	36	0	0	0	0	0	0	0	0	0	0	0	0	0.884615384615385	0
085.comp	0	0	0	0	0	0	0	0	0	0	0.878787878787879	0.935483870967742	0	0	1.4142135623731	1.4142135623731	1.4142135623731	1.4142135623731	1.4142135623731	0.13731245112534	1.4142135623731	0	0	0	0	0	29	0	1	1	1	1	1	2	1	1	5	11	17	24	4	41	0	0	0	0	0	0	0	0	0	0	0	0	0.90625	0
086.comp	0	0	0	0	0	0	0	0	0	0	1	1	0	0	1.4142135623731	1.4142135623731	1.4142135623731	1.4142135623731	1.4142135623731	0	1.4142135623731	0	0	0	0	0	1	0	1	1	1	1	1	0	1	1	1	1	1	1	0	1	0	0	0	0	0	0	0	0	0	0	0	0	1	0
087.comp	0	0	0	0	0	0	0	0	0	0	0.5625	1	0	0	1.4142135623731	1.4142135623731	1.4142135623731	1.4142135623731	1.4142135623731	0.4375	1.4142135623731	0	0	0	0	0	9	0	1	1	1	1	1	0	1	1	5	9	10	13	7	21	0	0	0	0	0	0	0	0	0	0	0	0	0.72	0
088.comp	0	0	0	0	0	0	0	0	0	0	0.868421052631579	0.942857142857143	0	0	1.4142135623731	1.4142135623731	1.4142135623731	1.4142135623731	1.4142135623731	0.143451474419159	1.4142135623731	0	0	0	0	0	33	0	1	1	1	1	1	2	1	1	6	12	19	26	5	56	0	0	0	0	0	0	0	0	0	0	0	0	0.904109589041096	0
089.comp	0	0	0	0	0	0	0	0	0	0	0.761904761904762	0.842105263157895	0	0	1.4142135623731	1.4142135623731	1.4142135623731	1.4142135623731	1.4142135623731	0.285692300081864	1.4142135623731	0	0	0	0	0	16	0	1	1	1	1	1	3	1	1	5	10	14	19	5	22	0	0	0	0	0	0	0	0	0	0	0	0	0.8	0
090.comp	0	0	0	0	0	0	0	0	0	0	0.8	0.888888888888889	0	0	1.4142135623731	1.4142135623731	1.4142135623731	1.4142135623731	1.4142135623731	0.228791780910822	1.4142135623731	0	0	0	0	0	16	0	1	1	1	1	1	2	1	1	5	8	12	16	4	23	0	0	0	0	0	0	0	0	0	0	0	0	0.842105263157895	0
091.comp	0	0	0	0	0	0	0	0	0	0	0.916666666666667	0.916666666666667	0	0	1.4142135623731	1.4142135623731	1.4142135623731	1.4142135623731	1.4142135623731	0.117851130197758	1.4142135623731	0	0	0	0	0	11	0	1	1	1	1	1	1	1	1	5	8	11	12	1	13	0	0	0	0	0	0	0	0	0	0	0	0	0.916666666666667	0
092.comp	0	0	0	0	0	0	0	0	0	0	0.6	0.923076923076923	0	0	1.4142135623731	1.4142135623731	1.4142135623731	1.4142135623731	1.4142135623731	0.40732930138073	1.4142135623731	0	0	0	0	0	24	0	1	1	1	1	1	2	1	1	6	12	18	27	16	55	0	0	0	0	0	0	0	0	0	0	0	0	0.727272727272727	0
093.comp	0	0	0	0	0	0	0	0	0	0	0.833333333333333	1	0	0	1.4142135623731	1.4142135623731	1.4142135623731	1.4142135623731	1.4142135623731	0.166666666666667	1.4142135623731	0	0	0	0	0	10	0	1	1	1	1	1	0	1	1	5	7	8	11	2	13	0	0	0	0	0	0	0	0	0	0	0	0	0.909090909090909	0
094.comp	0	0	0	0	0	0	0	0	0	0	0.92	0.958333333333333	0	0	1.4142135623731	1.4142135623731	1.4142135623731	1.4142135623731	1.4142135623731	0.0902003941848987	1.4142135623731	0	0	0	0	0	23	0	1	1	1	1	1	1	1	1	6	12	13	17	2	31	0	0	0	0	0	0	0	0	0	0	0	0	0.938775510204082	0
095.comp	0	0	0	0	0	0	0	0	0	0	0.904761904761905	0.95	0	0	1.4142135623731	1.4142135623731	1.4142135623731	1.4142135623731	1.4142135623731	0.107565304743586	1.4142135623731	0	0	0	0	0	19	0	1	1	1	1	1	1	1	1	7	11	15	17	2	23	0	0	0	0	0	0	0	0	0	0	0	0	0.926829268292683	0
096.comp	0	0	0	0	0	0	0	0	0	0	1	1	0	0	1.4142135623731	1.4142135623731	1.4142135623731	1.4142135623731	1.4142135623731	0	1.4142135623731	0	0	0	0	0	6	0	1	1	1	1	1	0	1	1	4	6	6	6	0	6	0	0	0	0	0	0	0	0	0	0	0	0	1	0
097.comp	0	0	0	0	0	0	0	0	0	0	0.306122448979592	0.882352941176471	0	0	1.4142135623731	1.4142135623731	1.4142135623731	1.4142135623731	1.4142135623731	0.703780424749016	1.4142135623731	0	0	0	0	0	15	0	1	1	1	1	1	2	1	1	7	13	20	30	34	71	0	0	0	0	0	0	0	0	0	0	0	0	0.454545454545455	0
098.comp	0	0	0	0	0	0	0	0	0	0	0.971428571428571	0.971428571428571	0	0	1.4142135623731	1.4142135623731	1.4142135623731	1.4142135623731	1.4142135623731	0.0404061017820884	1.4142135623731	0	0	0	0	0	34	0	1	1	1	1	1	1	1	1	7	13	19	26	1	43	0	0	0	0	0	0	0	0	0	0	0	0	0.971428571428571	0
099.comp	0	0	0	0	0	0	0	0	0	0	0.895833333333333	0.934782608695652	0	0	1.4142135623731	1.4142135623731	1.4142135623731	1.4142135623731	1.4142135623731	0.122898342433854	1.4142135623731	0	0	0	0	0	43	0	1	1	1	1	1	3	1	1	7	13	20	30	5	64	0	0	0	0	0	0	0	0	0	0	0	0	0.914893617021277	0
100.comp	0	0	0	0	0	0	0	0	0	0	0.953488372093023	0.976190476190476	0	0	1.4142135623731	1.4142135623731	1.4142135623731	1.4142135623731	1.4142135623731	0.0522515545662838	1.4142135623731	0	0	0	0	0	41	0	1	1	1	1	1	1	1	1	7	13	20	28	2	59	0	0	0	0	0	0	0	0	0	0	0	0	0.964705882352941	0
