Filename	Kingdom_SSV	Kingdom_PPV	Phylum_SSV	Phylum_PPV	Class_SSV	Class_PPV	Order_SSV	Order_PPV	Family_SSV	Family_PPV	Genus_SSV	Genus_PPV	Species_SSV	Species_PPV	Kingdom_Dist	Phylum_Dist	Class_Dist	Order_Dist	Family_Dist	Genus_Dist	Species_Dist	Kingdom_TP	Phylum_TP	Class_TP	Order_TP	Family_TP	Genus_TP	Species_TP	Kingdom_FP	Phylum_FP	Class_FP	Order_FP	Family_FP	Genus_FP	Species_FP	Kingdom_FN	Phylum_FN	Class_FN	Order_FN	Family_FN	Genus_FN	Species_FN	Kingdom_TN	Phylum_TN	Class_TN	Order_TN	Family_TN	Genus_TN	Species_TN	Kingdom_F1	Phylum_F1	Class_F1	Order_F1	Family_F1	Genus_F1	Species_F1
001_spades.comp	0	0	1	1	1	1	1	0.894736842	0.958333333	0.851851852	0.894736842	0.829268293	0.735849057	0.590909091	1.414213562	0	0	0.105263158	0.15389602	0.200573299	0.486961079	0	6	12	17	23	34	39	0	0	0	2	4	7	27	0	0	0	0	1	4	14	0	0	0	0	0	0	0	0	1	1	0.944444444	0.901960784	0.860759494	0.655462185
002_spades.comp	0	0	1	0.875	1	0.928571429	0.95	0.95	0.857142857	0.923076923	0.857142857	0.857142857	0.737704918	0.576923077	1.414213562	0.125	0.071428571	0.070710678	0.162250803	0.202030509	0.497787899	0	7	13	19	24	36	45	1	1	1	1	2	6	33	1	0	0	1	4	6	16	0	0	0	0	0	0	0	0	0.933333333	0.962962963	0.95	0.888888889	0.857142857	0.647482014
003_spades.comp	0	0	1	1	1	0.9	0.909090909	0.909090909	0.928571429	0.928571429	0.875	0.875	0.666666667	0.631578947	1.414213562	0	0.1	0.128564869	0.101015254	0.176776695	0.496835167	0	6	9	10	13	14	12	0	0	1	1	1	2	7	0	0	0	1	1	2	6	0	0	0	0	0	0	0	0	1	0.947368421	0.909090909	0.928571429	0.875	0.648648649
004_spades.comp	0	0	1	0.833333333	1	0.888888889	1	0.923076923	1	1	0.928571429	0.928571429	0.866666667	0.722222222	1.414213562	0.166666667	0.111111111	0.076923077	0	0.101015254	0.308120547	0	5	8	12	13	13	13	1	1	1	1	0	1	5	1	0	0	0	0	1	2	0	0	0	0	0	0	0	0	0.909090909	0.941176471	0.96	1	0.928571429	0.787878788
011_spades.comp	0	0	1	0.857142857	1	0.916666667	0.941176471	0.842105263	0.88	0.916666667	0.931034483	0.870967742	0.771428571	0.613636364	1.414213562	0.142857143	0.083333333	0.168496159	0.14609738	0.146306412	0.448911748	0	6	11	16	22	27	27	1	1	1	3	2	4	17	1	0	0	1	3	2	8	0	0	0	0	0	0	0	0	0.923076923	0.956521739	0.888888889	0.897959184	0.9	0.683544304
012_spades.comp	0	0	1	1	1	1	1	1	1	1	1	1	1	1	1.414213562	0	0	0	0	0	0	0	1	1	1	1	1	1	0	0	0	0	0	0	0	0	0	0	0	0	0	0	0	0	0	0	0	0	0	0	1	1	1	1	1	1
014_spades.comp	0	0	1	0.875	1	0.928571429	1	0.875	0.9375	0.9375	0.857142857	0.857142857	0.545454545	0.387096774	1.414213562	0.125	0.071428571	0.125	0.088388348	0.202030509	0.763060898	0	7	13	14	15	18	12	1	1	1	2	1	3	19	1	0	0	0	1	3	10	0	0	0	0	0	0	0	0	0.933333333	0.962962963	0.933333333	0.9375	0.857142857	0.452830189
015_spades.comp	0	0	1	0.875	1	0.928571429	0.95	0.904761905	0.92	0.958333333	0.941176471	0.888888889	0.772727273	0.607142857	1.414213562	0.125	0.071428571	0.107565305	0.090200394	0.125721464	0.453860802	0	7	13	19	23	32	34	1	1	1	2	1	4	22	1	0	0	1	2	2	10	0	0	0	0	0	0	0	0	0.933333333	0.962962963	0.926829268	0.93877551	0.914285714	0.68
022_spades.comp	0	0	1	0.8	1	0.8	1	0.625	0.8	0.666666667	0.8	0.666666667	0.833333333	0.555555556	1.414213562	0.2	0.2	0.375	0.388730126	0.388730126	0.474666875	0	4	4	5	4	4	5	1	1	1	3	2	2	4	1	0	0	0	1	1	1	0	0	0	0	0	0	0	0	0.888888889	0.888888889	0.769230769	0.727272727	0.727272727	0.666666667
024_spades.comp	0	0	1	1	1	1	1	1	1	1	1	0.833333333	0.8	0.8	1.414213562	0	0	0	0	0.166666667	0.282842712	0	3	4	5	5	5	4	0	0	0	0	0	1	1	0	0	0	0	0	0	1	0	0	0	0	0	0	0	0	1	1	1	1	0.909090909	0.8
025_spades.comp	0	0	1	0.857142857	1	0.916666667	1	0.85	0.96	0.888888889	0.970588235	0.804878049	0.772727273	0.576271186	1.414213562	0.142857143	0.083333333	0.15	0.118091824	0.197326196	0.480831571	0	6	11	17	24	33	34	1	1	1	3	3	8	25	1	0	0	0	1	1	10	0	0	0	0	0	0	0	0	0.923076923	0.956521739	0.918918919	0.923076923	0.88	0.660194175