Filename	Kingdom_SSV	Kingdom_PPV	Phylum_SSV	Phylum_PPV	Class_SSV	Class_PPV	Order_SSV	Order_PPV	Family_SSV	Family_PPV	Genus_SSV	Genus_PPV	Species_SSV	Species_PPV	Kingdom_Dist	Phylum_Dist	Class_Dist	Order_Dist	Family_Dist	Genus_Dist	Species_Dist	Kingdom_TP	Phylum_TP	Class_TP	Order_TP	Family_TP	Genus_TP	Species_TP	Kingdom_FP	Phylum_FP	Class_FP	Order_FP	Family_FP	Genus_FP	Species_FP	Kingdom_FN	Phylum_FN	Class_FN	Order_FN	Family_FN	Genus_FN	Species_FN	Kingdom_TN	Phylum_TN	Class_TN	Order_TN	Family_TN	Genus_TN	Species_TN	Kingdom_F1	Phylum_F1	Class_F1	Order_F1	Family_F1	Genus_F1	Species_F1
001_4thresh.comp	0	0	1	1	1	1	1	1	0.958333333333333	0.958333333333333	0.868421052631579	0.942857142857143	0.716981132075472	0.826086956521739	1.4142135623731	0	0	0	0.0589255650988789	0.143451474419159	0.332182820587027	0	6	12	17	23	33	38	0	0	0	0	1	2	8	0	0	0	0	1	5	15	0	0	0	0	0	0	0	0	1	1	1	0.958333333333333	0.904109589041096	0.767676767676768
002_4thresh.comp	0	0	1	1	1	1	0.95	1	0.821428571428571	0.958333333333333	0.833333333333333	0.972222222222222	0.704918032786885	0.86	1.4142135623731	0	0	0.05	0.183368116675588	0.168965625841617	0.326608890531721	0	7	13	19	23	35	43	0	0	0	0	1	1	7	0	0	0	1	5	7	18	0	0	0	0	0	0	0	0	1	1	0.974358974358974	0.884615384615384	0.897435897435897	0.774774774774775
003_4thresh.comp	0	0	1	1	1	0.9	0.909090909090909	0.909090909090909	0.928571428571429	0.928571428571429	0.875	0.933333333333333	0.666666666666667	0.705882352941177	1.4142135623731	0	0.1	0.128564869306645	0.101015254455221	0.141666666666667	0.444540550931554	0	6	9	10	13	14	12	0	0	1	1	1	1	5	0	0	0	1	1	2	6	0	0	0	0	0	0	0	0	1	0.947368421052632	0.909090909090909	0.928571428571429	0.903225806451613	0.685714285714286
004_4thresh.comp	0	0	1	1	1	1	1	1	1	1	0.857142857142857	0.923076923076923	0.8	0.923076923076923	1.4142135623731	0	0	0	0	0.162250802859708	0.214282896572063	0	5	8	12	13	12	12	0	0	0	0	0	1	1	0	0	0	0	0	2	3	0	0	0	0	0	0	0	0	1	1	1	1	0.888888888888889	0.857142857142857
011_4thresh.comp	0	0	1	1	1	1	0.941176470588235	1	0.88	1	0.931034482758621	0.964285714285714	0.714285714285714	0.806451612903226	1.4142135623731	0	0	0.0588235294117647	0.12	0.0776643597311703	0.345099451186158	0	6	11	16	22	27	25	0	0	0	0	0	1	6	0	0	0	1	3	2	10	0	0	0	0	0	0	0	0	1	1	0.96969696969697	0.936170212765957	0.947368421052632	0.757575757575758
012_4thresh.comp	0	0	1	1	1	1	1	1	1	1	1	1	1	1	1.4142135623731	0	0	0	0	0	0	0	1	1	1	1	1	1	0	0	0	0	0	0	0	0	0	0	0	0	0	0	0	0	0	0	0	0	0	0	1	1	1	1	1	1
014_4thresh.comp	0	0	1	1	0.923076923076923	1	0.928571428571429	0.928571428571429	0.875	0.933333333333333	0.80952380952381	0.944444444444444	0.545454545454545	0.666666666666667	1.4142135623731	0	0.0769230769230769	0.101015254455221	0.141666666666667	0.198412698412698	0.56366894659813	0	7	12	13	14	17	12	0	0	0	1	1	1	6	0	0	1	1	2	4	10	0	0	0	0	0	0	0	0	1	0.96	0.928571428571429	0.903225806451613	0.871794871794872	0.6
015_4thresh.comp	0	0	1	1	0.923076923076923	1	0.9	1	0.88	1	0.911764705882353	0.96875	0.772727272727273	0.80952380952381	1.4142135623731	0	0.0769230769230769	0.1	0.12	0.0936057136505442	0.296536796536797	0	7	12	18	22	31	34	0	0	0	0	0	1	8	0	0	1	2	3	3	10	0	0	0	0	0	0	0	0	1	0.96	0.947368421052632	0.936170212765957	0.939393939393939	0.790697674418605
022_4thresh.comp	0	0	1	1	1	1	1	1	0.8	1	0.8	1	0.833333333333333	1	1.4142135623731	0	0	0	0.2	0.2	0.166666666666667	0	4	4	5	4	4	5	0	0	0	0	0	0	0	0	0	0	0	1	1	1	0	0	0	0	0	0	0	0	1	1	1	0.888888888888889	0.888888888888889	0.909090909090909
024_4thresh.comp	0	0	1	1	1	1	1	1	1	1	0.8	0.8	0.8	0.8	1.4142135623731	0	0	0	0	0.282842712474619	0.282842712474619	0	3	4	5	5	4	4	0	0	0	0	0	1	1	0	0	0	0	0	1	1	0	0	0	0	0	0	0	0	1	1	1	1	0.8	0.8
025_4thresh.comp	0	0	1	1	1	1	1	1	0.96	1	0.970588235294118	0.970588235294118	0.75	0.804878048780488	1.4142135623731	0	0	0	0.04	0.0415945165403852	0.317131795705996	0	6	11	17	24	33	33	0	0	0	0	0	1	8	0	0	0	0	1	1	11	0	0	0	0	0	0	0	0	1	1	1	0.979591836734694	0.970588235294118	0.776470588235294
