Filename	Kingdom_SSV	Kingdom_PPV	Phylum_SSV	Phylum_PPV	Class_SSV	Class_PPV	Order_SSV	Order_PPV	Family_SSV	Family_PPV	Genus_SSV	Genus_PPV	Species_SSV	Species_PPV	Kingdom_Dist	Phylum_Dist	Class_Dist	Order_Dist	Family_Dist	Genus_Dist	Species_Dist	Kingdom_TP	Phylum_TP	Class_TP	Order_TP	Family_TP	Genus_TP	Species_TP	Kingdom_FP	Phylum_FP	Class_FP	Order_FP	Family_FP	Genus_FP	Species_FP	Kingdom_FN	Phylum_FN	Class_FN	Order_FN	Family_FN	Genus_FN	Species_FN	Kingdom_TN	Phylum_TN	Class_TN	Order_TN	Family_TN	Genus_TN	Species_TN	Kingdom_F1	Phylum_F1	Class_F1	Order_F1	Family_F1	Genus_F1	Species_F1
001_filt.comp	0	0	0.833333333333333	1	0.75	1	0.823529411764706	1	0.791666666666667	0.95	0.763157894736842	0.90625	0.679245283018868	0.642857142857143	1.4142135623731	0.166666666666667	0.25	0.176470588235294	0.214249335536374	0.254721898009348	0.480036049556499	0	5	9	14	19	29	36	0	0	0	0	1	3	20	0	1	3	3	5	9	17	0	0	0	0	0	0	0	0	0.909090909090909	0.857142857142857	0.903225806451613	0.863636363636364	0.828571428571429	0.660550458715596
002_filt.comp	0	0	0.857142857142857	1	0.846153846153846	1	0.7	1	0.714285714285714	1	0.714285714285714	0.967741935483871	0.672131147540984	0.650793650793651	1.4142135623731	0.142857142857143	0.153846153846154	0.3	0.285714285714286	0.287529538982608	0.479002148991859	0	6	11	14	20	30	41	0	0	0	0	0	1	22	0	1	2	6	8	12	20	0	0	0	0	0	0	0	0	0.923076923076923	0.916666666666667	0.823529411764706	0.833333333333333	0.821917808219178	0.661290322580645
003_filt.comp	0	0	0.666666666666667	1	0.777777777777778	1	0.818181818181818	1	0.857142857142857	1	0.9375	1	0.722222222222222	0.722222222222222	1.4142135623731	0.333333333333333	0.222222222222222	0.181818181818182	0.142857142857143	0.0625	0.392837100659193	0	4	7	9	12	15	13	0	0	0	0	0	0	5	0	2	2	2	2	1	5	0	0	0	0	0	0	0	0	0.8	0.875	0.9	0.923076923076923	0.967741935483871	0.722222222222222
004_filt.comp	0	0	0.6	1	0.875	1	0.75	1	0.846153846153846	1	0.928571428571429	1	0.866666666666667	0.866666666666667	1.4142135623731	0.4	0.125	0.25	0.153846153846154	0.0714285714285714	0.188561808316413	0	3	7	9	11	13	13	0	0	0	0	0	0	2	0	2	1	3	2	1	2	0	0	0	0	0	0	0	0	0.75	0.933333333333333	0.857142857142857	0.916666666666667	0.962962962962963	0.866666666666667
005_filt.comp	0	0	0.833333333333333	1	0.6	1	0.857142857142857	0.923076923076923	0.888888888888889	0.941176470588235	0.894736842105263	0.944444444444444	0.8	0.8	1.4142135623731	0.166666666666667	0.4	0.162250802859708	0.125721464455368	0.119024166298524	0.282842712474619	0	5	6	12	16	17	16	0	0	0	1	1	1	4	0	1	4	2	2	2	4	0	0	0	0	0	0	0	0	0.909090909090909	0.75	0.888888888888889	0.914285714285714	0.918918918918919	0.8
006_filt.comp	0	0	0.857142857142857	1	0.923076923076923	1	0.8	1	0.758620689655172	1	0.711111111111111	0.96969696969697	0.587301587301587	0.596774193548387	1.4142135623731	0.142857142857143	0.0769230769230769	0.2	0.241379310344828	0.290473860732774	0.576984428587413	0	6	12	16	22	32	37	0	0	0	0	0	1	25	0	1	1	4	7	13	26	0	0	0	0	0	0	0	0	0.923076923076923	0.96	0.888888888888889	0.862745098039216	0.82051282051282	0.592
007_filt.comp	0	0	0.333333333333333	1	0.8	1	0.833333333333333	0.833333333333333	0.833333333333333	0.833333333333333	0.857142857142857	0.857142857142857	0.571428571428571	0.444444444444444	1.4142135623731	0.666666666666667	0.2	0.235702260395516	0.235702260395516	0.202030508910442	0.701651939850805	0	1	4	5	5	6	4	0	0	0	1	1	1	5	0	2	1	1	1	1	3	0	0	0	0	0	0	0	0	0.5	0.888888888888889	0.833333333333333	0.833333333333333	0.857142857142857	0.5
008_filt.comp	0	0	0.333333333333333	1	0.25	1	0.263157894736842	1	0.275862068965517	1	0.488372093023256	1	0.583333333333333	0.833333333333333	1.4142135623731	0.666666666666667	0.75	0.736842105263158	0.724137931034483	0.511627906976744	0.448763733927875	0	2	3	5	8	21	35	0	0	0	0	0	0	7	0	4	9	14	21	22	25	0	0	0	0	0	0	0	0	0.5	0.4	0.416666666666667	0.432432432432432	0.65625	0.686274509803922
009_filt.comp	0	0	0.8	1	0.909090909090909	1	0.928571428571429	0.928571428571429	0.941176470588235	0.941176470588235	0.923076923076923	0.923076923076923	0.763157894736842	0.568627450980392	1.4142135623731	0.2	0.0909090909090909	0.101015254455221	0.0831890330807703	0.108785658644084	0.492114274201794	0	4	10	13	16	24	29	0	0	0	1	1	2	22	0	1	1	1	1	2	9	0	0	0	0	0	0	0	0	0.888888888888889	0.952380952380952	0.928571428571429	0.941176470588235	0.923076923076923	0.651685393258427
010_filt.comp	0	0	0.333333333333333	1	0.5	1	0.714285714285714	1	0.857142857142857	1	0.857142857142857	1	0.857142857142857	0.857142857142857	1.4142135623731	0.666666666666667	0.5	0.285714285714286	0.142857142857143	0.142857142857143	0.202030508910442	0	2	3	5	6	6	6	0	0	0	0	0	0	1	0	4	3	2	1	1	1	0	0	0	0	0	0	0	0	0.5	0.666666666666667	0.833333333333333	0.923076923076923	0.923076923076923	0.857142857142857
011_filt.comp	0	0	0.833333333333333	1	0.727272727272727	1	0.823529411764706	1	0.8	1	0.827586206896552	1	0.714285714285714	0.714285714285714	1.4142135623731	0.166666666666667	0.272727272727273	0.176470588235294	0.2	0.172413793103448	0.404061017820884	0	5	8	14	20	24	25	0	0	0	0	0	0	10	0	1	3	3	5	5	10	0	0	0	0	0	0	0	0	0.909090909090909	0.842105263157895	0.903225806451613	0.888888888888889	0.905660377358491	0.714285714285714
012_filt.comp	0	0	0	0	1	1	1	1	1	1	1	1	1	1	1.4142135623731	1.4142135623731	0	0	0	0	0	0	0	1	1	1	1	1	0	0	0	0	0	0	0	0	0	0	0	0	0	0	0	0	0	0	0	0	0	0	0	1	1	1	1	1
013_filt.comp	0	0	0.2	1	0.571428571428571	1	0.777777777777778	1	0.8	1	0.615384615384615	1	0.533333333333333	0.533333333333333	1.4142135623731	0.8	0.428571428571429	0.222222222222222	0.2	0.384615384615385	0.659966329107444	0	1	4	7	8	8	8	0	0	0	0	0	0	7	0	4	3	2	2	5	7	0	0	0	0	0	0	0	0	0.333333333333333	0.727272727272727	0.875	0.888888888888889	0.761904761904762	0.533333333333333
014_filt.comp	0	0	0.428571428571429	1	0.461538461538462	1	0.714285714285714	1	0.8125	1	0.857142857142857	0.947368421052632	0.636363636363636	0.518518518518518	1.4142135623731	0.571428571428571	0.538461538461538	0.285714285714286	0.1875	0.152244035573809	0.603370385392157	0	3	6	10	13	18	14	0	0	0	0	0	1	13	0	4	7	4	3	3	8	0	0	0	0	0	0	0	0	0.6	0.631578947368421	0.833333333333333	0.896551724137931	0.9	0.571428571428571
015_filt.comp	0	0	0.571428571428571	1	0.846153846153846	1	0.8	1	0.72	1	0.852941176470588	1	0.772727272727273	0.739130434782609	1.4142135623731	0.428571428571429	0.153846153846154	0.2	0.28	0.147058823529412	0.345985292488993	0	4	11	16	18	29	34	0	0	0	0	0	0	12	0	3	2	4	7	5	10	0	0	0	0	0	0	0	0	0.727272727272727	0.916666666666667	0.888888888888889	0.837209302325581	0.920634920634921	0.755555555555555
016_filt.comp	0	0	0.2	1	0.625	1	0.777777777777778	1	0.8	0.888888888888889	0.909090909090909	0.909090909090909	0.833333333333333	0.625	1.4142135623731	0.8	0.375	0.222222222222222	0.228791780910822	0.128564869306645	0.410369075074838	0	1	5	7	8	10	10	0	0	0	0	1	1	6	0	4	3	2	2	1	2	0	0	0	0	0	0	0	0	0.333333333333333	0.769230769230769	0.875	0.842105263157895	0.909090909090909	0.714285714285714
017_filt.comp	0	0	0.666666666666667	1	0.833333333333333	1	0.842105263157895	1	0.923076923076923	1	0.972222222222222	0.972222222222222	0.818181818181818	0.782608695652174	1.4142135623731	0.333333333333333	0.166666666666667	0.157894736842105	0.0769230769230769	0.0392837100659193	0.283402241426772	0	4	10	16	24	35	36	0	0	0	0	0	1	10	0	2	2	3	2	1	8	0	0	0	0	0	0	0	0	0.8	0.909090909090909	0.914285714285714	0.96	0.972222222222222	0.8
018_filt.comp	0	0	0.5	1	0.5	1	0.727272727272727	1	0.785714285714286	1	0.857142857142857	1	0.764705882352941	0.866666666666667	1.4142135623731	0.5	0.5	0.272727272727273	0.214285714285714	0.142857142857143	0.270446112150065	0	2	4	8	11	12	13	0	0	0	0	0	0	2	0	2	4	3	3	2	4	0	0	0	0	0	0	0	0	0.666666666666667	0.666666666666667	0.842105263157895	0.88	0.923076923076923	0.8125
019_filt.comp	0	0	0.6	1	0.5	1	0.7	1	0.714285714285714	1	0.785714285714286	1	0.6875	0.916666666666667	1.4142135623731	0.4	0.5	0.3	0.285714285714286	0.214285714285714	0.323420306172084	0	3	4	7	10	11	11	0	0	0	0	0	0	1	0	2	4	3	4	3	5	0	0	0	0	0	0	0	0	0.75	0.666666666666667	0.823529411764706	0.833333333333333	0.88	0.785714285714286
020_filt.comp	0	0	0.833333333333333	1	0.916666666666667	1	0.823529411764706	1	1	1	0.931034482758621	0.964285714285714	0.818181818181818	0.818181818181818	1.4142135623731	0.166666666666667	0.0833333333333334	0.176470588235294	0	0.0776643597311703	0.25712973861329	0	5	11	14	21	27	27	0	0	0	0	0	1	6	0	1	1	3	0	2	6	0	0	0	0	0	0	0	0	0.909090909090909	0.956521739130435	0.903225806451613	1	0.947368421052632	0.818181818181818
021_filt.comp	0	0	0.166666666666667	1	0.6	1	0.571428571428571	1	0.666666666666667	1	0.611111111111111	1	0.6	0.857142857142857	1.4142135623731	0.833333333333333	0.4	0.428571428571429	0.333333333333333	0.388888888888889	0.424744821351957	0	1	6	8	10	11	12	0	0	0	0	0	0	2	0	5	4	6	5	7	8	0	0	0	0	0	0	0	0	0.285714285714286	0.75	0.727272727272727	0.8	0.758620689655172	0.705882352941176
022_filt.comp	0	0	0	0	0.5	1	0.6	1	0.8	1	1	1	1	1	1.4142135623731	1.4142135623731	0.5	0.4	0.2	0	0	0	0	2	3	4	5	6	0	0	0	0	0	0	0	0	0	2	2	1	0	0	0	0	0	0	0	0	0	0	0	0.666666666666667	0.75	0.888888888888889	1	1
023_filt.comp	0	0	0.714285714285714	1	0.769230769230769	1	0.789473684210526	1	0.826086956521739	1	0.735294117647059	0.961538461538462	0.666666666666667	0.75	1.4142135623731	0.285714285714286	0.230769230769231	0.210526315789474	0.173913043478261	0.267485502584864	0.416666666666667	0	5	10	15	19	25	30	0	0	0	0	0	1	10	0	2	3	4	4	9	15	0	0	0	0	0	0	0	0	0.833333333333333	0.869565217391304	0.882352941176471	0.904761904761905	0.833333333333333	0.705882352941177
025_filt.comp	0	0	1	1	1	1	0.882352941176471	1	0.92	1	0.882352941176471	0.967741935483871	0.795454545454545	0.564516129032258	1.4142135623731	0	0	0.117647058823529	0.08	0.121989397802242	0.481128927469816	0	6	11	15	23	30	35	0	0	0	0	0	1	27	0	0	0	2	2	4	9	0	0	0	0	0	0	0	0	1	1	0.9375	0.958333333333333	0.923076923076923	0.660377358490566
026_filt.comp	0	0	0.833333333333333	1	0.833333333333333	1	0.866666666666667	0.928571428571429	0.85	0.944444444444444	0.869565217391304	0.909090909090909	0.709677419354839	0.458333333333333	1.4142135623731	0.166666666666667	0.166666666666667	0.151260763564463	0.159957556098755	0.158989607597777	0.614564869326456	0	5	10	13	17	20	22	0	0	0	1	1	2	26	0	1	2	2	3	3	9	0	0	0	0	0	0	0	0	0.909090909090909	0.909090909090909	0.896551724137931	0.894736842105263	0.888888888888889	0.556962025316456
027_filt.comp	0	0	0.25	1	0.5	1	0.75	1	0.75	1	0.666666666666667	0.857142857142857	0.555555555555556	0.714285714285714	1.4142135623731	0.75	0.5	0.25	0.25	0.362655862183996	0.528359269114071	0	1	3	6	6	6	5	0	0	0	0	0	1	2	0	3	3	2	2	3	4	0	0	0	0	0	0	0	0	0.4	0.666666666666667	0.857142857142857	0.857142857142857	0.75	0.625
028_filt.comp	0	0	0.4	1	0.571428571428571	1	1	1	1	1	1	1	0.777777777777778	0.583333333333333	1.4142135623731	0.6	0.428571428571429	0	0	0	0.472222222222222	0	2	4	7	9	9	7	0	0	0	0	0	0	5	0	3	3	0	0	0	2	0	0	0	0	0	0	0	0	0.571428571428571	0.727272727272727	1	1	1	0.666666666666667
029_filt.comp	0	0	0.428571428571429	1	0.384615384615385	1	0.368421052631579	1	0.285714285714286	1	0.25	1	0.19672131147541	0.6	1.4142135623731	0.571428571428571	0.615384615384615	0.631578947368421	0.714285714285714	0.75	0.897360937102672	0	3	5	7	8	11	12	0	0	0	0	0	0	8	0	4	8	12	20	33	49	0	0	0	0	0	0	0	0	0.6	0.555555555555556	0.538461538461538	0.444444444444444	0.4	0.296296296296296
030_filt.comp	0	0	0.142857142857143	1	0.153846153846154	1	0.2	1	0.241379310344828	1	0.416666666666667	1	0.463768115942029	0.864864864864865	1.4142135623731	0.857142857142857	0.846153846153846	0.8	0.758620689655172	0.583333333333333	0.552997412496978	0	1	2	4	7	20	32	0	0	0	0	0	0	5	0	6	11	16	22	28	37	0	0	0	0	0	0	0	0	0.25	0.266666666666667	0.333333333333333	0.388888888888889	0.588235294117647	0.60377358490566
031_filt.comp	0	0	0.857142857142857	1	0.833333333333333	1	0.882352941176471	1	0.869565217391304	1	0.896551724137931	1	0.714285714285714	0.625	1.4142135623731	0.142857142857143	0.166666666666667	0.117647058823529	0.130434782608696	0.103448275862069	0.471442099373003	0	6	10	15	20	26	25	0	0	0	0	0	0	15	0	1	2	2	3	3	10	0	0	0	0	0	0	0	0	0.923076923076923	0.909090909090909	0.9375	0.930232558139535	0.945454545454545	0.666666666666667
032_filt.comp	0	0	0	0	0	0	0.666666666666667	1	1	1	1	1	0.333333333333333	0.25	1.4142135623731	1.4142135623731	1.4142135623731	0.333333333333333	0	0	1.00346621489936	0	0	0	2	3	3	1	0	0	0	0	0	0	3	0	0	0	1	0	0	2	0	0	0	0	0	0	0	0	0	0	0.8	1	1	0.285714285714286
033_filt.comp	0	0	0.857142857142857	1	0.888888888888889	1	0.833333333333333	1	0.857142857142857	0.923076923076923	0.842105263157895	0.888888888888889	0.75	0.580645161290323	1.4142135623731	0.142857142857143	0.111111111111111	0.166666666666667	0.162250802859708	0.193071041160458	0.488219705408558	0	6	8	10	12	16	18	0	0	0	0	1	2	13	0	1	1	2	2	3	6	0	0	0	0	0	0	0	0	0.923076923076923	0.941176470588235	0.909090909090909	0.888888888888889	0.864864864864865	0.654545454545455
034_filt.comp	0	0	0.666666666666667	1	0.666666666666667	1	0.75	0.75	0.75	0.75	0.75	0.75	0.75	0.75	1.4142135623731	0.333333333333333	0.333333333333333	0.353553390593274	0.353553390593274	0.353553390593274	0.353553390593274	0	2	2	3	3	3	3	0	0	0	1	1	1	1	0	1	1	1	1	1	1	0	0	0	0	0	0	0	0	0.8	0.8	0.75	0.75	0.75	0.75
035_filt.comp	0	0	0.2	1	0.666666666666667	1	0.875	1	0.7	1	0.7	1	0.454545454545455	0.555555555555556	1.4142135623731	0.8	0.333333333333333	0.125	0.3	0.3	0.703598980495677	0	1	4	7	7	7	5	0	0	0	0	0	0	4	0	4	2	1	3	3	6	0	0	0	0	0	0	0	0	0.333333333333333	0.8	0.933333333333333	0.823529411764706	0.823529411764706	0.5
036_filt.comp	0	0	0.6	1	0.714285714285714	1	0.8	1	0.916666666666667	1	0.9375	1	0.708333333333333	0.5	1.4142135623731	0.4	0.285714285714286	0.2	0.0833333333333334	0.0625	0.578851832893742	0	3	5	8	11	15	17	0	0	0	0	0	0	17	0	2	2	2	1	1	7	0	0	0	0	0	0	0	0	0.75	0.833333333333333	0.888888888888889	0.956521739130435	0.967741935483871	0.586206896551724
037_filt.comp	0	0	0.833333333333333	1	0.9	1	0.928571428571429	1	0.9375	1	0.904761904761905	0.904761904761905	0.8	0.666666666666667	1.4142135623731	0.166666666666667	0.1	0.0714285714285714	0.0625	0.134687005940295	0.38873012632302	0	5	9	13	15	19	20	0	0	0	0	0	2	10	0	1	1	1	1	2	5	0	0	0	0	0	0	0	0	0.909090909090909	0.947368421052632	0.962962962962963	0.967741935483871	0.904761904761905	0.727272727272727
038_filt.comp	0	0	0.714285714285714	1	0.846153846153846	1	0.75	1	0.793103448275862	1	0.804347826086957	0.973684210526316	0.666666666666667	0.638888888888889	1.4142135623731	0.285714285714286	0.153846153846154	0.25	0.206896551724138	0.197414016555368	0.491439055915393	0	5	11	15	23	37	46	0	0	0	0	0	1	26	0	2	2	5	6	9	23	0	0	0	0	0	0	0	0	0.833333333333333	0.916666666666667	0.857142857142857	0.884615384615384	0.880952380952381	0.652482269503546
039_filt.comp	0	0	0.714285714285714	1	0.769230769230769	1	0.777777777777778	1	0.814814814814815	1	0.743589743589744	1	0.545454545454545	0.75	1.4142135623731	0.285714285714286	0.230769230769231	0.222222222222222	0.185185185185185	0.256410256410256	0.518759645932424	0	5	10	14	22	29	30	0	0	0	0	0	0	10	0	2	3	4	5	10	25	0	0	0	0	0	0	0	0	0.833333333333333	0.869565217391304	0.875	0.897959183673469	0.852941176470588	0.631578947368421
040_filt.comp	0	0	0.666666666666667	1	0.666666666666667	1	0.818181818181818	1	0.866666666666667	1	0.882352941176471	0.9375	0.761904761904762	0.727272727272727	1.4142135623731	0.333333333333333	0.333333333333333	0.181818181818182	0.133333333333333	0.133218168617599	0.362035229905716	0	4	6	9	13	15	16	0	0	0	0	0	1	6	0	2	3	2	2	2	5	0	0	0	0	0	0	0	0	0.8	0.8	0.9	0.928571428571429	0.909090909090909	0.744186046511628
041_filt.comp	0	0	0.857142857142857	1	0.846153846153846	1	0.85	1	0.827586206896552	1	0.75	0.947368421052632	0.628571428571429	0.619718309859155	1.4142135623731	0.142857142857143	0.153846153846154	0.15	0.172413793103448	0.255480103144047	0.531576285710571	0	6	11	17	24	36	44	0	0	0	0	0	2	27	0	1	2	3	5	12	26	0	0	0	0	0	0	0	0	0.923076923076923	0.916666666666667	0.918918918918919	0.905660377358491	0.837209302325581	0.624113475177305
043_filt.comp	0	0	0	0	0	0	0	0	0	0	0.0833333333333333	1	0.1875	1	1.4142135623731	1.4142135623731	1.4142135623731	1.4142135623731	1.4142135623731	0.916666666666667	0.8125	0	0	0	0	0	3	9	0	0	0	0	0	0	0	0	0	0	0	0	33	39	0	0	0	0	0	0	0	0	0	0	0	0	0.153846153846154	0.315789473684211
044_filt.comp	0	0	0.714285714285714	1	0.818181818181818	1	0.866666666666667	1	0.739130434782609	1	0.666666666666667	1	0.514285714285714	0.72	1.4142135623731	0.285714285714286	0.181818181818182	0.133333333333333	0.260869565217391	0.333333333333333	0.560641032521647	0	5	9	13	17	20	18	0	0	0	0	0	0	7	0	2	2	2	6	10	17	0	0	0	0	0	0	0	0	0.833333333333333	0.9	0.928571428571429	0.85	0.8	0.6
045_filt.comp	0	0	0.833333333333333	1	0.833333333333333	1	0.736842105263158	1	0.851851851851852	1	0.837209302325581	0.972972972972973	0.76271186440678	0.652173913043478	1.4142135623731	0.166666666666667	0.166666666666667	0.263157894736842	0.148148148148148	0.165019003267029	0.421056582968124	0	5	10	14	23	36	45	0	0	0	0	0	1	24	0	1	2	5	4	7	14	0	0	0	0	0	0	0	0	0.909090909090909	0.909090909090909	0.848484848484849	0.92	0.9	0.703125
046_filt.comp	0	0	0.571428571428571	1	0.692307692307692	1	0.65	1	0.689655172413793	1	0.658536585365854	0.964285714285714	0.578947368421053	0.568965517241379	1.4142135623731	0.428571428571429	0.307692307692308	0.35	0.310344827586207	0.343326045818974	0.602557917454039	0	4	9	13	20	27	33	0	0	0	0	0	1	25	0	3	4	7	9	14	24	0	0	0	0	0	0	0	0	0.727272727272727	0.818181818181818	0.787878787878788	0.816326530612245	0.782608695652174	0.573913043478261
047_filt.comp	0	0	1	1	0.916666666666667	1	0.882352941176471	1	0.875	0.954545454545455	0.852941176470588	0.878787878787879	0.755102040816326	0.637931034482759	1.4142135623731	0	0.0833333333333334	0.117647058823529	0.133007953530905	0.190574594074333	0.437114339965018	0	6	11	15	21	29	37	0	0	0	0	1	4	21	0	0	1	2	3	5	12	0	0	0	0	0	0	0	0	1	0.956521739130435	0.9375	0.91304347826087	0.865671641791045	0.691588785046729
048_filt.comp	0	0	0.571428571428571	1	0.75	1	0.928571428571429	1	0.944444444444444	1	0.954545454545455	1	0.75	0.580645161290323	1.4142135623731	0.428571428571429	0.25	0.0714285714285714	0.0555555555555556	0.0454545454545454	0.488219705408558	0	4	9	13	17	21	18	0	0	0	0	0	0	13	0	3	3	1	1	1	6	0	0	0	0	0	0	0	0	0.727272727272727	0.857142857142857	0.962962962962963	0.971428571428572	0.976744186046512	0.654545454545455
049_filt.comp	0	0	0.857142857142857	1	1	1	0.8	1	0.888888888888889	1	0.871794871794872	1	0.796296296296296	0.671875	1.4142135623731	0.142857142857143	0	0.2	0.111111111111111	0.128205128205128	0.386213949162386	0	6	13	16	24	34	43	0	0	0	0	0	0	21	0	1	0	4	3	5	11	0	0	0	0	0	0	0	0	0.923076923076923	1	0.888888888888889	0.941176470588235	0.931506849315069	0.728813559322034
050_filt.comp	0	0	0.25	1	0.444444444444444	1	0.7	1	0.75	1	0.846153846153846	1	0.866666666666667	0.8125	1.4142135623731	0.75	0.555555555555556	0.3	0.25	0.153846153846154	0.230073961537975	0	1	4	7	9	11	13	0	0	0	0	0	0	3	0	3	5	3	3	2	2	0	0	0	0	0	0	0	0	0.4	0.615384615384615	0.823529411764706	0.857142857142857	0.916666666666667	0.838709677419355
051_filt.comp	0	0	0.833333333333333	1	0.8	1	0.714285714285714	0.909090909090909	0.722222222222222	0.928571428571429	0.8	0.909090909090909	0.71875	0.71875	1.4142135623731	0.166666666666667	0.2	0.299828477418576	0.286814460310995	0.219691744974447	0.397747564417433	0	5	8	10	13	20	23	0	0	0	1	1	2	9	0	1	2	4	5	5	9	0	0	0	0	0	0	0	0	0.909090909090909	0.888888888888889	0.8	0.8125	0.851063829787234	0.71875
052_filt.comp	0	0	0.4	1	0.6	1	0.6875	1	0.777777777777778	1	0.869565217391304	0.952380952380952	0.666666666666667	0.526315789473684	1.4142135623731	0.6	0.4	0.3125	0.222222222222222	0.13885534275037	0.579213123481375	0	2	6	11	14	20	20	0	0	0	0	0	1	18	0	3	4	5	4	3	10	0	0	0	0	0	0	0	0	0.571428571428571	0.75	0.814814814814815	0.875	0.909090909090909	0.588235294117647
053_filt.comp	0	0	0.714285714285714	1	0.846153846153846	1	0.75	1	0.8	1	0.680851063829787	1	0.514705882352941	0.7	1.4142135623731	0.285714285714286	0.153846153846154	0.25	0.2	0.319148936170213	0.57053517036449	0	5	11	15	24	32	35	0	0	0	0	0	0	15	0	2	2	5	6	15	33	0	0	0	0	0	0	0	0	0.833333333333333	0.916666666666667	0.857142857142857	0.888888888888889	0.810126582278481	0.593220338983051
054_filt.comp	0	0	1	1	1	1	0.947368421052632	1	0.892857142857143	1	0.886363636363636	0.975	0.770491803278688	0.602564102564103	1.4142135623731	0	0	0.0526315789473685	0.107142857142857	0.11635387032882	0.458943683835986	0	7	13	18	25	39	47	0	0	0	0	0	1	31	0	0	0	1	3	5	14	0	0	0	0	0	0	0	0	1	1	0.972972972972973	0.943396226415094	0.928571428571428	0.676258992805755
055_filt.comp	0	0	0.4	1	0.636363636363636	1	0.705882352941177	1	0.857142857142857	1	0.758620689655172	0.956521739130435	0.65625	0.7	1.4142135623731	0.6	0.363636363636364	0.294117647058823	0.142857142857143	0.24526379804363	0.45625	0	2	7	12	18	22	21	0	0	0	0	0	1	9	0	3	4	5	3	7	11	0	0	0	0	0	0	0	0	0.571428571428571	0.777777777777778	0.827586206896552	0.923076923076923	0.846153846153846	0.67741935483871
056_filt.comp	0	0	0.714285714285714	1	0.769230769230769	1	0.7	1	0.80952380952381	1	0.862068965517241	1	0.735294117647059	0.641025641025641	1.4142135623731	0.285714285714286	0.230769230769231	0.3	0.19047619047619	0.137931034482759	0.446017706546838	0	5	10	14	17	25	25	0	0	0	0	0	0	14	0	2	3	6	4	4	9	0	0	0	0	0	0	0	0	0.833333333333333	0.869565217391304	0.823529411764706	0.894736842105263	0.925925925925926	0.684931506849315
057_filt.comp	0	0	0.428571428571429	1	0.538461538461538	1	0.611111111111111	1	0.727272727272727	0.941176470588235	0.75	0.9	0.483870967741935	0.348837209302326	1.4142135623731	0.571428571428571	0.461538461538462	0.388888888888889	0.278998876165681	0.269258240356725	0.830904421656805	0	3	7	11	16	18	15	0	0	0	0	1	2	28	0	4	6	7	6	6	16	0	0	0	0	0	0	0	0	0.6	0.7	0.758620689655172	0.82051282051282	0.818181818181818	0.405405405405405
058_filt.comp	0	0	0.833333333333333	1	0.875	1	0.909090909090909	1	0.928571428571429	1	0.91304347826087	0.91304347826087	0.794117647058823	0.627906976744186	1.4142135623731	0.166666666666667	0.125	0.0909090909090909	0.0714285714285714	0.122975092380269	0.425253760957204	0	5	7	10	13	21	27	0	0	0	0	0	2	16	0	1	1	1	1	2	7	0	0	0	0	0	0	0	0	0.909090909090909	0.933333333333333	0.952380952380952	0.962962962962963	0.91304347826087	0.701298701298701
059_filt.comp	0	0	0.2	1	0.571428571428571	1	1	1	1	1	1	1	0.875	0.7	1.4142135623731	0.8	0.428571428571429	0	0	0	0.325	0	1	4	8	8	8	7	0	0	0	0	0	0	3	0	4	3	0	0	0	1	0	0	0	0	0	0	0	0	0.333333333333333	0.727272727272727	1	1	1	0.777777777777778
060_filt.comp	0	0	0.833333333333333	1	0.916666666666667	1	0.888888888888889	1	0.888888888888889	1	0.818181818181818	0.972972972972973	0.666666666666667	0.626865671641791	1.4142135623731	0.166666666666667	0.0833333333333334	0.111111111111111	0.111111111111111	0.183815971638998	0.500340222359189	0	5	11	16	24	36	42	0	0	0	0	0	1	25	0	1	1	2	3	8	21	0	0	0	0	0	0	0	0	0.909090909090909	0.956521739130435	0.941176470588235	0.941176470588235	0.888888888888889	0.646153846153846
061_filt.comp	0	0	0.5	1	0.75	1	0.705882352941177	0.923076923076923	0.833333333333333	0.9375	0.739130434782609	0.944444444444444	0.571428571428571	0.615384615384615	1.4142135623731	0.5	0.25	0.304010444022458	0.178000078027449	0.266719608971289	0.575849340948303	0	3	9	12	15	17	16	0	0	0	1	1	1	10	0	3	3	5	3	6	12	0	0	0	0	0	0	0	0	0.666666666666667	0.857142857142857	0.8	0.882352941176471	0.829268292682927	0.592592592592593
062_filt.comp	0	0	0.4	1	0.8	1	0.909090909090909	1	0.916666666666667	1	0.8125	0.928571428571429	0.75	0.666666666666667	1.4142135623731	0.6	0.2	0.0909090909090909	0.0833333333333334	0.200644687984323	0.416666666666667	0	2	8	10	11	13	12	0	0	0	0	0	1	6	0	3	2	1	1	3	4	0	0	0	0	0	0	0	0	0.571428571428571	0.888888888888889	0.952380952380952	0.956521739130435	0.866666666666667	0.705882352941177
063_filt.comp	0	0	0.857142857142857	1	0.923076923076923	1	0.8	1	0.827586206896552	1	0.804878048780488	0.942857142857143	0.677966101694915	0.606060606060606	1.4142135623731	0.142857142857143	0.0769230769230769	0.2	0.172413793103448	0.203317195461079	0.508816349732304	0	6	12	16	24	33	40	0	0	0	0	0	2	26	0	1	1	4	5	8	19	0	0	0	0	0	0	0	0	0.923076923076923	0.96	0.888888888888889	0.905660377358491	0.868421052631579	0.64
064_filt.comp	0	0	0.6	1	0.818181818181818	1	0.785714285714286	1	0.9375	1	0.875	0.954545454545455	0.75	0.552631578947368	1.4142135623731	0.4	0.181818181818182	0.214285714285714	0.0625	0.133007953530905	0.51248268668817	0	3	9	11	15	21	21	0	0	0	0	0	1	17	0	2	2	3	1	3	7	0	0	0	0	0	0	0	0	0.75	0.9	0.88	0.967741935483871	0.91304347826087	0.636363636363636
065_filt.comp	0	0	0	0	0.125	1	0.272727272727273	1	0.333333333333333	1	0.375	0.857142857142857	0.5	0.75	1.4142135623731	1.4142135623731	0.875	0.727272727272727	0.666666666666667	0.641118681107723	0.559016994374947	0	0	1	3	4	6	9	0	0	0	0	0	1	3	0	0	7	8	8	10	9	0	0	0	0	0	0	0	0	0	0.222222222222222	0.428571428571429	0.5	0.521739130434783	0.6
066_filt.comp	0	0	0	0	0.333333333333333	1	1	1	1	1	1	1	1	1	1.4142135623731	1.4142135623731	0.666666666666667	0	0	0	0	0	0	1	3	3	3	3	0	0	0	0	0	0	0	0	0	2	0	0	0	0	0	0	0	0	0	0	0	0	0	0.5	1	1	1	1
067_filt.comp	0	0	0.666666666666667	1	0.5	1	0.833333333333333	1	0.714285714285714	1	0.777777777777778	0.933333333333333	0.714285714285714	0.714285714285714	1.4142135623731	0.333333333333333	0.5	0.166666666666667	0.285714285714286	0.232006811309123	0.404061017820884	0	2	4	10	10	14	15	0	0	0	0	0	1	6	0	1	4	2	4	4	6	0	0	0	0	0	0	0	0	0.8	0.666666666666667	0.909090909090909	0.833333333333333	0.848484848484849	0.714285714285714
068_filt.comp	0	0	0.857142857142857	1	0.916666666666667	1	0.789473684210526	1	0.896551724137931	1	0.875	0.945945945945946	0.781818181818182	0.614285714285714	1.4142135623731	0.142857142857143	0.0833333333333334	0.210526315789474	0.103448275862069	0.136186786288827	0.443146494953086	0	6	11	15	26	35	43	0	0	0	0	0	2	27	0	1	1	4	3	5	12	0	0	0	0	0	0	0	0	0.923076923076923	0.956521739130435	0.882352941176471	0.945454545454545	0.909090909090909	0.688
069_filt.comp	0	0	0.857142857142857	1	0.846153846153846	1	0.8	1	0.758620689655172	0.956521739130435	0.795454545454545	0.972222222222222	0.734375	0.626666666666667	1.4142135623731	0.142857142857143	0.153846153846154	0.2	0.24526379804363	0.206422983006927	0.458186008519223	0	6	11	16	22	35	47	0	0	0	0	1	1	28	0	1	2	4	7	9	17	0	0	0	0	0	0	0	0	0.923076923076923	0.916666666666667	0.888888888888889	0.846153846153846	0.875	0.676258992805755
070_filt.comp	0	0	0.5	1	0.5	1	0.909090909090909	1	0.846153846153846	1	0.928571428571429	0.928571428571429	0.9375	0.789473684210526	1.4142135623731	0.5	0.5	0.0909090909090909	0.153846153846154	0.101015254455221	0.219607785927296	0	2	4	10	11	13	15	0	0	0	0	0	1	4	0	2	4	1	2	1	1	0	0	0	0	0	0	0	0	0.666666666666667	0.666666666666667	0.952380952380952	0.916666666666667	0.928571428571429	0.857142857142857
071_filt.comp	0	0	0.333333333333333	1	0.4	1	0.6	1	0.6	1	0.8	1	0.857142857142857	0.6	1.4142135623731	0.666666666666667	0.6	0.4	0.4	0.2	0.424744821351957	0	1	2	3	3	4	6	0	0	0	0	0	0	4	0	2	3	2	2	1	1	0	0	0	0	0	0	0	0	0.5	0.571428571428571	0.75	0.75	0.888888888888889	0.705882352941176
072_filt.comp	0	0	0.25	1	0.5	1	0.75	1	0.666666666666667	1	0.833333333333333	1	0.666666666666667	0.8	1.4142135623731	0.75	0.5	0.25	0.333333333333333	0.166666666666667	0.38873012632302	0	1	2	3	4	5	4	0	0	0	0	0	0	1	0	3	2	1	2	1	2	0	0	0	0	0	0	0	0	0.4	0.666666666666667	0.857142857142857	0.8	0.909090909090909	0.727272727272727
073_filt.comp	0	0	0	0	0.5	1	0.75	1	0.6	1	0.8	1	0.6	0.428571428571429	1.4142135623731	1.4142135623731	0.5	0.25	0.4	0.2	0.697517463756212	0	0	2	3	3	4	3	0	0	0	0	0	0	4	0	0	2	1	2	1	2	0	0	0	0	0	0	0	0	0	0.666666666666667	0.857142857142857	0.75	0.888888888888889	0.5
074_filt.comp	0	0	0.714285714285714	1	0.538461538461538	1	0.5	1	0.533333333333333	1	0.408163265306122	0.952380952380952	0.383561643835616	0.608695652173913	1.4142135623731	0.285714285714286	0.461538461538462	0.5	0.466666666666667	0.593749353034811	0.730147477964724	0	5	7	10	16	20	28	0	0	0	0	0	1	18	0	2	6	10	14	29	45	0	0	0	0	0	0	0	0	0.833333333333333	0.7	0.666666666666667	0.695652173913043	0.571428571428571	0.470588235294118
075_filt.comp	0	0	0.2	1	0.5	1	0.6	1	0.7	1	0.727272727272727	0.888888888888889	0.666666666666667	0.571428571428571	1.4142135623731	0.8	0.5	0.4	0.3	0.294492519941682	0.542940678618637	0	1	4	6	7	8	8	0	0	0	0	0	1	6	0	4	4	4	3	3	4	0	0	0	0	0	0	0	0	0.333333333333333	0.666666666666667	0.75	0.823529411764706	0.8	0.615384615384615
076_filt.comp	0	0	0.5	1	0.727272727272727	1	0.769230769230769	1	0.705882352941177	1	0.842105263157895	1	0.80952380952381	0.85	1.4142135623731	0.5	0.272727272727273	0.230769230769231	0.294117647058823	0.157894736842105	0.242448301991006	0	3	8	10	12	16	17	0	0	0	0	0	0	3	0	3	3	3	5	3	4	0	0	0	0	0	0	0	0	0.666666666666667	0.842105263157895	0.869565217391304	0.827586206896552	0.914285714285714	0.829268292682927
077_filt.comp	0	0	0.571428571428571	1	0.538461538461538	1	0.5	1	0.517241379310345	1	0.477272727272727	1	0.409090909090909	0.574468085106383	1.4142135623731	0.428571428571429	0.461538461538462	0.5	0.482758620689655	0.522727272727273	0.728183331525816	0	4	7	10	15	21	27	0	0	0	0	0	0	20	0	3	6	10	14	23	39	0	0	0	0	0	0	0	0	0.727272727272727	0.7	0.666666666666667	0.681818181818182	0.646153846153846	0.47787610619469
078_filt.comp	0	0	0.857142857142857	1	0.769230769230769	1	0.7	1	0.769230769230769	1	0.735294117647059	0.925925925925926	0.630434782608696	0.508771929824561	1.4142135623731	0.142857142857143	0.230769230769231	0.3	0.230769230769231	0.274874830790636	0.614722268047748	0	6	10	14	20	25	29	0	0	0	0	0	2	28	0	1	3	6	6	9	17	0	0	0	0	0	0	0	0	0.923076923076923	0.869565217391304	0.823529411764706	0.869565217391304	0.819672131147541	0.563106796116505
079_filt.comp	0	0	1	1	1	1	0.894736842105263	1	0.892857142857143	1	0.804347826086957	0.973684210526316	0.701492537313433	0.5875	1.4142135623731	0	0	0.105263157894737	0.107142857142857	0.197414016555368	0.509178706624278	0	7	13	17	25	37	47	0	0	0	0	0	1	33	0	0	0	2	3	9	20	0	0	0	0	0	0	0	0	1	1	0.944444444444444	0.943396226415094	0.880952380952381	0.639455782312925
080_filt.comp	0	0	0.166666666666667	1	0.363636363636364	1	0.5625	1	0.590909090909091	1	0.655172413793103	1	0.514285714285714	0.782608695652174	1.4142135623731	0.833333333333333	0.636363636363636	0.4375	0.409090909090909	0.344827586206897	0.532144103183515	0	1	4	9	13	19	18	0	0	0	0	0	0	5	0	5	7	7	9	10	17	0	0	0	0	0	0	0	0	0.285714285714286	0.533333333333333	0.72	0.742857142857143	0.791666666666667	0.620689655172414
081_filt.comp	0	0	0.5	1	0.636363636363636	1	0.764705882352941	1	0.8	0.941176470588235	0.75	0.947368421052632	0.615384615384615	0.592592592592593	1.4142135623731	0.5	0.363636363636364	0.235294117647059	0.208471119372581	0.255480103144047	0.56027652966483	0	3	7	13	16	18	16	0	0	0	0	1	1	11	0	3	4	4	4	6	10	0	0	0	0	0	0	0	0	0.666666666666667	0.777777777777778	0.866666666666667	0.864864864864865	0.837209302325581	0.60377358490566
082_filt.comp	0	0	0.833333333333333	1	0.909090909090909	1	0.882352941176471	1	0.958333333333333	1	0.909090909090909	0.967741935483871	0.822222222222222	0.660714285714286	1.4142135623731	0.166666666666667	0.0909090909090909	0.117647058823529	0.0416666666666666	0.0964626639495515	0.383040120861996	0	5	10	15	23	30	37	0	0	0	0	0	1	19	0	1	1	2	1	3	8	0	0	0	0	0	0	0	0	0.909090909090909	0.952380952380952	0.9375	0.978723404255319	0.9375	0.732673267326733
083_filt.comp	0	0	0.25	1	0.166666666666667	1	0.571428571428571	1	0.666666666666667	1	0.7	1	0.7	0.7	1.4142135623731	0.75	0.833333333333333	0.428571428571429	0.333333333333333	0.3	0.424264068711929	0	1	1	4	6	7	7	0	0	0	0	0	0	3	0	3	5	3	3	3	3	0	0	0	0	0	0	0	0	0.4	0.285714285714286	0.727272727272727	0.8	0.823529411764706	0.7
084_filt.comp	0	0	0.833333333333333	1	0.75	1	0.764705882352941	1	0.857142857142857	1	0.888888888888889	1	0.75	0.5625	1.4142135623731	0.166666666666667	0.25	0.235294117647059	0.142857142857143	0.111111111111111	0.503891109268659	0	5	9	13	18	24	27	0	0	0	0	0	0	21	0	1	3	4	3	3	9	0	0	0	0	0	0	0	0	0.909090909090909	0.857142857142857	0.866666666666667	0.923076923076923	0.941176470588235	0.642857142857143
085_filt.comp	0	0	0.8	1	0.818181818181818	1	0.764705882352941	1	0.791666666666667	1	0.787878787878788	0.962962962962963	0.75609756097561	0.659574468085106	1.4142135623731	0.2	0.181818181818182	0.235294117647059	0.208333333333333	0.215330329364572	0.418781497372538	0	4	9	13	19	26	31	0	0	0	0	0	1	16	0	1	2	4	5	7	10	0	0	0	0	0	0	0	0	0.888888888888889	0.9	0.866666666666667	0.883720930232558	0.866666666666667	0.704545454545454
086_filt.comp	0	0	0	0	0	0	0	0	1	1	1	1	1	1	1.4142135623731	1.4142135623731	1.4142135623731	1.4142135623731	0	0	0	0	0	0	0	1	1	1	0	0	0	0	0	0	0	0	0	0	0	0	0	0	0	0	0	0	0	0	0	0	0	0	0	1	1	1
087_filt.comp	0	0	0.6	1	0.555555555555556	1	0.7	1	0.769230769230769	1	0.625	1	0.523809523809524	0.846153846153846	1.4142135623731	0.4	0.444444444444444	0.3	0.230769230769231	0.375	0.500425827338844	0	3	5	7	10	10	11	0	0	0	0	0	0	2	0	2	4	3	3	6	10	0	0	0	0	0	0	0	0	0.75	0.714285714285714	0.823529411764706	0.869565217391304	0.769230769230769	0.647058823529412
088_filt.comp	0	0	0.833333333333333	1	0.75	1	0.631578947368421	1	0.769230769230769	0.952380952380952	0.789473684210526	0.882352941176471	0.75	0.591549295774648	1.4142135623731	0.166666666666667	0.25	0.368421052631579	0.235631092103669	0.241168323147374	0.478886184580623	0	5	9	12	20	30	42	0	0	0	0	1	4	29	0	1	3	7	6	8	14	0	0	0	0	0	0	0	0	0.909090909090909	0.857142857142857	0.774193548387097	0.851063829787234	0.833333333333333	0.661417322834646
089_filt.comp	0	0	0.8	1	0.7	1	0.857142857142857	0.923076923076923	0.736842105263158	0.875	0.761904761904762	0.888888888888889	0.636363636363636	0.666666666666667	1.4142135623731	0.2	0.3	0.162250802859708	0.29133670823006	0.262745164400744	0.493297593821203	0	4	7	12	14	16	14	0	0	0	1	2	2	7	0	1	3	2	5	5	8	0	0	0	0	0	0	0	0	0.888888888888889	0.823529411764706	0.888888888888889	0.8	0.82051282051282	0.651162790697674
090_filt.comp	0	0	0.8	1	0.5	1	0.583333333333333	1	0.8125	0.928571428571429	0.8	0.941176470588235	0.782608695652174	0.666666666666667	1.4142135623731	0.2	0.5	0.416666666666667	0.200644687984323	0.208471119372581	0.397957397615826	0	4	4	7	13	16	18	0	0	0	0	1	1	9	0	1	4	5	3	4	5	0	0	0	0	0	0	0	0	0.888888888888889	0.666666666666667	0.736842105263158	0.866666666666667	0.864864864864865	0.72
091_filt.comp	0	0	0.4	1	0.375	1	0.636363636363636	0.875	0.75	0.9	0.833333333333333	0.909090909090909	0.769230769230769	0.625	1.4142135623731	0.6	0.625	0.384521007174742	0.269258240356725	0.189847940699116	0.440317428532897	0	2	3	7	9	10	10	0	0	0	1	1	1	6	0	3	5	4	3	2	3	0	0	0	0	0	0	0	0	0.571428571428571	0.545454545454546	0.736842105263158	0.818181818181818	0.869565217391304	0.689655172413793
092_filt.comp	0	0	0.833333333333333	1	0.75	1	0.666666666666667	1	0.62962962962963	1	0.55	1	0.436363636363636	0.648648648648649	1.4142135623731	0.166666666666667	0.25	0.333333333333333	0.37037037037037	0.45	0.664178983790999	0	5	9	12	17	22	24	0	0	0	0	0	0	13	0	1	3	6	10	18	31	0	0	0	0	0	0	0	0	0.909090909090909	0.857142857142857	0.8	0.772727272727273	0.709677419354839	0.521739130434783
093_filt.comp	0	0	0.4	1	0.428571428571429	1	0.625	1	0.818181818181818	1	0.833333333333333	1	0.846153846153846	0.733333333333333	1.4142135623731	0.6	0.571428571428571	0.375	0.181818181818182	0.166666666666667	0.307863200406228	0	2	3	5	9	10	11	0	0	0	0	0	0	4	0	3	4	3	2	2	2	0	0	0	0	0	0	0	0	0.571428571428571	0.6	0.769230769230769	0.9	0.909090909090909	0.785714285714286
094_filt.comp	0	0	0.166666666666667	1	0.333333333333333	1	0.461538461538462	1	0.588235294117647	1	0.68	1	0.774193548387097	0.827586206896552	1.4142135623731	0.833333333333333	0.666666666666667	0.538461538461538	0.411764705882353	0.32	0.284103976815407	0	1	4	6	10	17	24	0	0	0	0	0	0	5	0	5	8	7	7	8	7	0	0	0	0	0	0	0	0	0.285714285714286	0.5	0.631578947368421	0.740740740740741	0.80952380952381	0.8
095_filt.comp	0	0	0.428571428571429	1	0.454545454545455	1	0.733333333333333	1	0.882352941176471	1	0.80952380952381	1	0.739130434782609	0.739130434782609	1.4142135623731	0.571428571428571	0.545454545454545	0.266666666666667	0.117647058823529	0.19047619047619	0.368925277140807	0	3	5	11	15	17	17	0	0	0	0	0	0	6	0	4	6	4	2	4	6	0	0	0	0	0	0	0	0	0.6	0.625	0.846153846153846	0.9375	0.894736842105263	0.739130434782609
096_filt.comp	0	0	0.25	1	0.333333333333333	1	0.666666666666667	1	0.666666666666667	1	0.666666666666667	1	0.666666666666667	0.8	1.4142135623731	0.75	0.666666666666667	0.333333333333333	0.333333333333333	0.333333333333333	0.38873012632302	0	1	2	4	4	4	4	0	0	0	0	0	0	1	0	3	4	2	2	2	2	0	0	0	0	0	0	0	0	0.4	0.5	0.8	0.8	0.8	0.727272727272727
097_filt.comp	0	0	0.571428571428571	1	0.461538461538462	1	0.4	1	0.366666666666667	1	0.326530612244898	1	0.309859154929577	0.488888888888889	1.4142135623731	0.428571428571429	0.538461538461538	0.6	0.633333333333333	0.673469387755102	0.858795059333571	0	4	6	8	11	16	22	0	0	0	0	0	0	23	0	3	7	12	19	33	49	0	0	0	0	0	0	0	0	0.727272727272727	0.631578947368421	0.571428571428571	0.536585365853658	0.492307692307692	0.379310344827586
098_filt.comp	0	0	1	1	0.923076923076923	1	0.947368421052632	1	0.923076923076923	1	0.971428571428571	0.971428571428571	0.790697674418605	0.576271186440678	1.4142135623731	0	0.0769230769230769	0.0526315789473685	0.0769230769230769	0.0404061017820884	0.47260297389476	0	7	12	18	24	34	34	0	0	0	0	0	1	25	0	0	1	1	2	1	9	0	0	0	0	0	0	0	0	1	0.96	0.972972972972973	0.96	0.971428571428571	0.666666666666667
099_filt.comp	0	0	0.714285714285714	1	0.923076923076923	1	0.85	1	0.833333333333333	1	0.854166666666667	0.976190476190476	0.75	0.685714285714286	1.4142135623731	0.285714285714286	0.0769230769230769	0.15	0.166666666666667	0.147764185563172	0.401591222767731	0	5	12	17	25	41	48	0	0	0	0	0	1	22	0	2	1	3	5	7	16	0	0	0	0	0	0	0	0	0.833333333333333	0.96	0.918918918918919	0.909090909090909	0.911111111111111	0.716417910447761
100_filt.comp	0	0	0.857142857142857	1	0.923076923076923	1	0.85	1	0.857142857142857	1	0.837209302325581	0.947368421052632	0.677966101694915	0.645161290322581	1.4142135623731	0.142857142857143	0.0769230769230769	0.15	0.142857142857143	0.171087388055979	0.4791829937958	0	6	12	17	24	36	40	0	0	0	0	0	2	22	0	1	1	3	4	7	19	0	0	0	0	0	0	0	0	0.923076923076923	0.96	0.918918918918919	0.923076923076923	0.888888888888889	0.661157024793388
