Filename	Kingdom_SSV	Kingdom_PPV	Phylum_SSV	Phylum_PPV	Class_SSV	Class_PPV	Order_SSV	Order_PPV	Family_SSV	Family_PPV	Genus_SSV	Genus_PPV	Species_SSV	Species_PPV	Kingdom_Dist	Phylum_Dist	Class_Dist	Order_Dist	Family_Dist	Genus_Dist	Species_Dist	Kingdom_TP	Phylum_TP	Class_TP	Order_TP	Family_TP	Genus_TP	Species_TP	Kingdom_FP	Phylum_FP	Class_FP	Order_FP	Family_FP	Genus_FP	Species_FP	Kingdom_FN	Phylum_FN	Class_FN	Order_FN	Family_FN	Genus_FN	Species_FN	Kingdom_TN	Phylum_TN	Class_TN	Order_TN	Family_TN	Genus_TN	Species_TN	Kingdom_F1	Phylum_F1	Class_F1	Order_F1	Family_F1	Genus_F1	Species_F1
001_filt.comp	0	0	0.833333333333333	1	0.833333333333333	1	0.882352941176471	1	0.791666666666667	0.904761904761905	0.789473684210526	0.857142857142857	0.735849056603774	0.534246575342466	1.4142135623731	0.166666666666667	0.166666666666667	0.117647058823529	0.229070016724927	0.254419914521634	0.535445584048779	0	5	10	15	19	30	39	0	0	0	0	2	5	34	0	1	2	2	5	8	14	0	0	0	0	0	0	0	0	0.909090909090909	0.909090909090909	0.9375	0.844444444444445	0.821917808219178	0.619047619047619
002_filt.comp	0	0	1	1	0.923076923076923	1	0.8	1	0.714285714285714	1	0.738095238095238	0.885714285714286	0.704918032786885	0.544303797468354	1.4142135623731	0	0.0769230769230769	0.2	0.285714285714286	0.285753965498619	0.542892619563136	0	7	12	16	20	31	43	0	0	0	0	0	4	36	0	0	1	4	8	11	18	0	0	0	0	0	0	0	0	1	0.96	0.888888888888889	0.833333333333333	0.805194805194805	0.614285714285714
003_filt.comp	0	0	0.666666666666667	1	0.888888888888889	1	0.818181818181818	1	0.928571428571429	1	0.9375	1	0.722222222222222	0.684210526315789	1.4142135623731	0.333333333333333	0.111111111111111	0.181818181818182	0.0714285714285714	0.0625	0.420575184142991	0	4	8	9	13	15	13	0	0	0	0	0	0	6	0	2	1	2	1	1	5	0	0	0	0	0	0	0	0	0.8	0.941176470588235	0.9	0.962962962962963	0.967741935483871	0.702702702702703
004_filt.comp	0	0	0.8	1	0.875	1	0.833333333333333	1	0.846153846153846	1	0.928571428571429	0.928571428571429	0.866666666666667	0.590909090909091	1.4142135623731	0.2	0.125	0.166666666666667	0.153846153846154	0.101015254455221	0.430271018869043	0	4	7	10	11	13	13	0	0	0	0	0	1	9	0	1	1	2	2	1	2	0	0	0	0	0	0	0	0	0.888888888888889	0.933333333333333	0.909090909090909	0.916666666666667	0.928571428571429	0.702702702702703
005_filt.comp	0	0	0.833333333333333	1	0.7	1	0.857142857142857	0.923076923076923	0.888888888888889	0.941176470588235	0.894736842105263	0.85	0.8	0.592592592592593	1.4142135623731	0.166666666666667	0.3	0.162250802859708	0.125721464455368	0.183249372195302	0.453851072060456	0	5	7	12	16	17	16	0	0	0	1	1	3	11	0	1	3	2	2	2	4	0	0	0	0	0	0	0	0	0.909090909090909	0.823529411764706	0.888888888888889	0.914285714285714	0.871794871794872	0.680851063829787
006_filt.comp	0	0	1	1	1	1	0.85	1	0.793103448275862	1	0.733333333333333	0.916666666666667	0.619047619047619	0.493670886075949	1.4142135623731	0	0	0.15	0.206896551724138	0.27938424357067	0.633635453680113	0	7	13	17	23	33	39	0	0	0	0	0	3	40	0	0	0	3	6	12	24	0	0	0	0	0	0	0	0	1	1	0.918918918918919	0.884615384615384	0.814814814814815	0.549295774647887
007_filt.comp	0	0	1	1	1	1	0.833333333333333	0.833333333333333	0.833333333333333	0.833333333333333	0.857142857142857	0.857142857142857	0.571428571428571	0.4	1.4142135623731	0	0	0.235702260395516	0.235702260395516	0.202030508910442	0.737342165746511	0	3	5	5	5	6	4	0	0	0	1	1	1	6	0	0	0	1	1	1	3	0	0	0	0	0	0	0	0	1	1	0.833333333333333	0.833333333333333	0.857142857142857	0.470588235294118
008_filt.comp	0	0	0.333333333333333	1	0.333333333333333	1	0.421052631578947	1	0.413793103448276	1	0.604651162790698	0.962962962962963	0.633333333333333	0.703703703703704	1.4142135623731	0.666666666666667	0.666666666666667	0.578947368421053	0.586206896551724	0.397079897747582	0.471419070088756	0	2	4	8	12	26	38	0	0	0	0	0	1	16	0	4	8	11	17	17	22	0	0	0	0	0	0	0	0	0.5	0.5	0.592592592592593	0.585365853658537	0.742857142857143	0.666666666666667
009_filt.comp	0	0	1	1	1	1	0.928571428571429	0.928571428571429	0.941176470588235	0.941176470588235	0.923076923076923	0.923076923076923	0.763157894736842	0.475409836065574	1.4142135623731	0	0	0.101015254455221	0.0831890330807703	0.108785658644084	0.575577121611199	0	5	11	13	16	24	29	0	0	0	1	1	2	32	0	0	0	1	1	2	9	0	0	0	0	0	0	0	0	1	1	0.928571428571429	0.941176470588235	0.923076923076923	0.585858585858586
010_filt.comp	0	0	0.666666666666667	1	0.833333333333333	1	0.857142857142857	1	1	1	1	1	1	0.777777777777778	1.4142135623731	0.333333333333333	0.166666666666667	0.142857142857143	0	0	0.222222222222222	0	4	5	6	7	7	7	0	0	0	0	0	0	2	0	2	1	1	0	0	0	0	0	0	0	0	0	0	0	0.8	0.909090909090909	0.923076923076923	1	1	0.875
011_filt.comp	0	0	1	1	0.818181818181818	1	0.823529411764706	1	0.84	1	0.862068965517241	0.961538461538462	0.742857142857143	0.577777777777778	1.4142135623731	0	0.181818181818182	0.176470588235294	0.16	0.143193087173621	0.494362269917379	0	6	9	14	21	25	26	0	0	0	0	0	1	19	0	0	2	3	4	4	9	0	0	0	0	0	0	0	0	1	0.9	0.903225806451613	0.91304347826087	0.909090909090909	0.65
012_filt.comp	0	0	0	0	1	1	1	1	1	1	1	1	1	1	1.4142135623731	1.4142135623731	0	0	0	0	0	0	0	1	1	1	1	1	0	0	0	0	0	0	0	0	0	0	0	0	0	0	0	0	0	0	0	0	0	0	0	1	1	1	1	1
013_filt.comp	0	0	0.6	1	0.714285714285714	1	0.777777777777778	1	0.8	1	0.692307692307692	0.9	0.6	0.409090909090909	1.4142135623731	0.4	0.285714285714286	0.222222222222222	0.2	0.323534474535586	0.713563980116015	0	3	5	7	8	9	9	0	0	0	0	0	1	13	0	2	2	2	2	4	6	0	0	0	0	0	0	0	0	0.75	0.833333333333333	0.875	0.888888888888889	0.782608695652174	0.486486486486487
014_filt.comp	0	0	0.571428571428571	1	0.692307692307692	1	0.785714285714286	1	0.875	1	0.857142857142857	0.947368421052632	0.636363636363636	0.518518518518518	1.4142135623731	0.428571428571429	0.307692307692308	0.214285714285714	0.125	0.152244035573809	0.603370385392157	0	4	9	11	14	18	14	0	0	0	0	0	1	13	0	3	4	3	2	3	8	0	0	0	0	0	0	0	0	0.727272727272727	0.818181818181818	0.88	0.933333333333333	0.9	0.571428571428571
015_filt.comp	0	0	0.857142857142857	1	0.846153846153846	1	0.9	1	0.84	1	0.852941176470588	0.966666666666667	0.795454545454545	0.686274509803922	1.4142135623731	0.142857142857143	0.153846153846154	0.1	0.16	0.150789285723376	0.374516389726773	0	6	11	18	21	29	35	0	0	0	0	0	1	16	0	1	2	2	4	5	9	0	0	0	0	0	0	0	0	0.923076923076923	0.916666666666667	0.947368421052632	0.91304347826087	0.90625	0.736842105263158
016_filt.comp	0	0	0.6	1	0.625	1	0.888888888888889	1	0.8	0.888888888888889	0.909090909090909	0.833333333333333	0.833333333333333	0.5	1.4142135623731	0.4	0.375	0.111111111111111	0.228791780910822	0.189847940699116	0.52704627669473	0	3	5	8	8	10	10	0	0	0	0	1	2	10	0	2	3	1	2	1	2	0	0	0	0	0	0	0	0	0.75	0.769230769230769	0.941176470588235	0.842105263157895	0.869565217391304	0.625
017_filt.comp	0	0	1	1	0.916666666666667	1	0.947368421052632	1	0.923076923076923	1	0.972222222222222	0.945945945945946	0.818181818181818	0.654545454545455	1.4142135623731	0	0.0833333333333334	0.0526315789473685	0.0769230769230769	0.0607737253914075	0.390380191883343	0	6	11	18	24	35	36	0	0	0	0	0	2	19	0	0	1	1	2	1	8	0	0	0	0	0	0	0	0	1	0.956521739130435	0.972972972972973	0.96	0.958904109589041	0.727272727272727
018_filt.comp	0	0	0.75	1	0.5	1	0.727272727272727	1	0.785714285714286	1	0.857142857142857	1	0.764705882352941	0.764705882352941	1.4142135623731	0.25	0.5	0.272727272727273	0.214285714285714	0.142857142857143	0.332756132323081	0	3	4	8	11	12	13	0	0	0	0	0	0	4	0	1	4	3	3	2	4	0	0	0	0	0	0	0	0	0.857142857142857	0.666666666666667	0.842105263157895	0.88	0.923076923076923	0.764705882352941
019_filt.comp	0	0	0.8	1	0.625	1	0.7	1	0.785714285714286	1	0.785714285714286	1	0.6875	0.6875	1.4142135623731	0.2	0.375	0.3	0.214285714285714	0.214285714285714	0.441941738241592	0	4	5	7	11	11	11	0	0	0	0	0	0	5	0	1	3	3	3	3	5	0	0	0	0	0	0	0	0	0.888888888888889	0.769230769230769	0.823529411764706	0.88	0.88	0.6875
020_filt.comp	0	0	1	1	1	1	1	1	1	1	0.931034482758621	0.931034482758621	0.848484848484849	0.682926829268293	1.4142135623731	0	0	0	0	0.0975319698188342	0.351414622257694	0	6	12	17	21	27	28	0	0	0	0	0	2	13	0	0	0	0	0	2	5	0	0	0	0	0	0	0	0	1	1	1	1	0.931034482758621	0.756756756756757
021_filt.comp	0	0	0.5	1	0.6	1	0.714285714285714	1	0.666666666666667	1	0.611111111111111	1	0.6	0.705882352941177	1.4142135623731	0.5	0.4	0.285714285714286	0.333333333333333	0.388888888888889	0.496492890494334	0	3	6	10	10	11	12	0	0	0	0	0	0	5	0	3	4	4	5	7	8	0	0	0	0	0	0	0	0	0.666666666666667	0.75	0.833333333333333	0.8	0.758620689655172	0.648648648648649
022_filt.comp	0	0	0.5	1	0.5	1	0.8	1	0.8	1	1	1	1	1	1.4142135623731	0.5	0.5	0.2	0.2	0	0	0	2	2	4	4	5	6	0	0	0	0	0	0	0	0	2	2	1	1	0	0	0	0	0	0	0	0	0	0	0.666666666666667	0.666666666666667	0.888888888888889	0.888888888888889	1	1
023_filt.comp	0	0	0.857142857142857	1	0.923076923076923	1	0.894736842105263	1	0.826086956521739	1	0.735294117647059	0.961538461538462	0.666666666666667	0.666666666666667	1.4142135623731	0.142857142857143	0.0769230769230769	0.105263157894737	0.173913043478261	0.267485502584864	0.471404520791032	0	6	12	17	19	25	30	0	0	0	0	0	1	15	0	1	1	2	4	9	15	0	0	0	0	0	0	0	0	0.923076923076923	0.96	0.944444444444444	0.904761904761905	0.833333333333333	0.666666666666667
025_filt.comp	0	0	1	1	1	1	1	1	0.92	1	0.911764705882353	0.815789473684211	0.840909090909091	0.468354430379747	1.4142135623731	0	0	0	0.08	0.204252258576418	0.554938671433353	0	6	11	17	23	31	37	0	0	0	0	0	7	42	0	0	0	0	2	3	7	0	0	0	0	0	0	0	0	1	1	1	0.958333333333333	0.861111111111111	0.601626016260163
026_filt.comp	0	0	0.833333333333333	1	0.916666666666667	1	0.933333333333333	0.933333333333333	0.85	0.944444444444444	0.869565217391304	0.740740740740741	0.709677419354839	0.349206349206349	1.4142135623731	0.166666666666667	0.0833333333333334	0.0942809041582063	0.159957556098755	0.290221632594535	0.712614606042982	0	5	11	14	17	20	22	0	0	0	1	1	7	41	0	1	1	1	3	3	9	0	0	0	0	0	0	0	0	0.909090909090909	0.956521739130435	0.933333333333333	0.894736842105263	0.8	0.468085106382979
027_filt.comp	0	0	0.75	1	0.666666666666667	1	0.75	1	0.75	1	0.666666666666667	0.857142857142857	0.555555555555556	0.714285714285714	1.4142135623731	0.25	0.333333333333333	0.25	0.25	0.362655862183996	0.528359269114071	0	3	4	6	6	6	5	0	0	0	0	0	1	2	0	1	2	2	2	3	4	0	0	0	0	0	0	0	0	0.857142857142857	0.8	0.857142857142857	0.857142857142857	0.75	0.625
028_filt.comp	0	0	0.4	1	0.714285714285714	1	1	1	1	1	1	1	0.777777777777778	0.5	1.4142135623731	0.6	0.285714285714286	0	0	0	0.54715876676645	0	2	5	7	9	9	7	0	0	0	0	0	0	7	0	3	2	0	0	0	2	0	0	0	0	0	0	0	0	0.571428571428571	0.833333333333333	1	1	1	0.608695652173913
029_filt.comp	0	0	0.428571428571429	1	0.384615384615385	1	0.368421052631579	1	0.285714285714286	1	0.25	1	0.245901639344262	0.576923076923077	1.4142135623731	0.571428571428571	0.615384615384615	0.631578947368421	0.714285714285714	0.75	0.864672435309411	0	3	5	7	8	11	15	0	0	0	0	0	0	11	0	4	8	12	20	33	46	0	0	0	0	0	0	0	0	0.6	0.555555555555556	0.538461538461538	0.444444444444444	0.4	0.344827586206897
030_filt.comp	0	0	0.285714285714286	1	0.307692307692308	1	0.25	1	0.344827586206897	1	0.541666666666667	1	0.565217391304348	0.847826086956522	1.4142135623731	0.714285714285714	0.692307692307692	0.75	0.655172413793103	0.458333333333333	0.460643915226459	0	2	4	5	10	26	39	0	0	0	0	0	0	7	0	5	9	15	19	22	30	0	0	0	0	0	0	0	0	0.444444444444444	0.470588235294118	0.4	0.512820512820513	0.702702702702703	0.678260869565217
031_filt.comp	0	0	0.857142857142857	1	0.916666666666667	1	0.882352941176471	1	0.869565217391304	1	0.931034482758621	0.931034482758621	0.742857142857143	0.419354838709677	1.4142135623731	0.142857142857143	0.0833333333333334	0.117647058823529	0.130434782608696	0.0975319698188342	0.635036418096991	0	6	11	15	20	27	26	0	0	0	0	0	2	36	0	1	1	2	3	2	9	0	0	0	0	0	0	0	0	0.923076923076923	0.956521739130435	0.9375	0.930232558139535	0.931034482758621	0.536082474226804
032_filt.comp	0	0	0	0	0.5	1	0.666666666666667	1	1	1	1	1	0.333333333333333	0.25	1.4142135623731	1.4142135623731	0.5	0.333333333333333	0	0	1.00346621489936	0	0	1	2	3	3	1	0	0	0	0	0	0	3	0	0	1	1	0	0	2	0	0	0	0	0	0	0	0	0	0.666666666666667	0.8	1	1	0.285714285714286
033_filt.comp	0	0	0.857142857142857	1	1	1	0.916666666666667	1	0.857142857142857	0.923076923076923	0.842105263157895	0.761904761904762	0.791666666666667	0.422222222222222	1.4142135623731	0.142857142857143	0	0.0833333333333334	0.162250802859708	0.285692300081864	0.614190473934271	0	6	9	11	12	16	19	0	0	0	0	1	5	26	0	1	0	1	2	3	5	0	0	0	0	0	0	0	0	0.923076923076923	1	0.956521739130435	0.888888888888889	0.8	0.550724637681159
034_filt.comp	0	0	1	1	1	1	0.75	0.75	0.75	0.75	0.75	0.75	0.75	0.75	1.4142135623731	0	0	0.353553390593274	0.353553390593274	0.353553390593274	0.353553390593274	0	3	3	3	3	3	3	0	0	0	1	1	1	1	0	0	0	1	1	1	1	0	0	0	0	0	0	0	0	1	1	0.75	0.75	0.75	0.75
035_filt.comp	0	0	0.6	1	1	1	0.875	1	0.7	1	0.7	1	0.454545454545455	0.5	1.4142135623731	0.4	0	0.125	0.3	0.3	0.739946390731805	0	3	6	7	7	7	5	0	0	0	0	0	0	5	0	2	0	1	3	3	6	0	0	0	0	0	0	0	0	0.75	1	0.933333333333333	0.823529411764706	0.823529411764706	0.476190476190476
036_filt.comp	0	0	0.8	1	1	1	0.9	1	0.916666666666667	1	0.9375	1	0.75	0.352941176470588	1.4142135623731	0.2	0	0.1	0.0833333333333334	0.0625	0.693675083239456	0	4	7	9	11	15	18	0	0	0	0	0	0	33	0	1	0	1	1	1	6	0	0	0	0	0	0	0	0	0.888888888888889	1	0.947368421052632	0.956521739130435	0.967741935483871	0.48
037_filt.comp	0	0	1	1	1	1	0.928571428571429	1	0.9375	1	0.952380952380952	0.909090909090909	0.84	0.552631578947368	1.4142135623731	0	0	0.0714285714285714	0.0625	0.102625710745712	0.475119463035482	0	6	10	13	15	20	21	0	0	0	0	0	2	17	0	0	0	1	1	1	4	0	0	0	0	0	0	0	0	1	1	0.962962962962963	0.967741935483871	0.930232558139535	0.666666666666667
038_filt.comp	0	0	0.857142857142857	1	0.846153846153846	1	0.75	1	0.793103448275862	1	0.826086956521739	0.974358974358974	0.72463768115942	0.531914893617021	1.4142135623731	0.142857142857143	0.153846153846154	0.25	0.206896551724138	0.175793085437952	0.543072806771639	0	6	11	15	23	38	50	0	0	0	0	0	1	44	0	1	2	5	6	8	19	0	0	0	0	0	0	0	0	0.923076923076923	0.916666666666667	0.857142857142857	0.884615384615384	0.894117647058823	0.613496932515337
039_filt.comp	0	0	0.857142857142857	1	0.923076923076923	1	0.888888888888889	1	0.814814814814815	1	0.794871794871795	1	0.6	0.702127659574468	1.4142135623731	0.142857142857143	0.0769230769230769	0.111111111111111	0.185185185185185	0.205128205128205	0.49872630890157	0	6	12	16	22	31	33	0	0	0	0	0	0	14	0	1	1	2	5	8	22	0	0	0	0	0	0	0	0	0.923076923076923	0.96	0.941176470588235	0.897959183673469	0.885714285714286	0.647058823529412
040_filt.comp	0	0	0.833333333333333	1	0.777777777777778	1	0.818181818181818	1	0.866666666666667	1	0.882352941176471	0.9375	0.761904761904762	0.551724137931034	1.4142135623731	0.166666666666667	0.222222222222222	0.181818181818182	0.133333333333333	0.133218168617599	0.507583087698263	0	5	7	9	13	15	16	0	0	0	0	0	1	13	0	1	2	2	2	2	5	0	0	0	0	0	0	0	0	0.909090909090909	0.875	0.9	0.928571428571429	0.909090909090909	0.64
041_filt.comp	0	0	1	1	1	1	0.9	1	0.896551724137931	1	0.770833333333333	0.925	0.685714285714286	0.551724137931034	1.4142135623731	0	0	0.1	0.103448275862069	0.241127271603838	0.547473066659681	0	7	13	18	26	37	48	0	0	0	0	0	3	39	0	0	0	2	3	11	22	0	0	0	0	0	0	0	0	1	1	0.947368421052632	0.945454545454545	0.840909090909091	0.611464968152866
043_filt.comp	0	0	0	0	0	0	0	0	0	0	0.138888888888889	1	0.291666666666667	0.933333333333333	1.4142135623731	1.4142135623731	1.4142135623731	1.4142135623731	1.4142135623731	0.861111111111111	0.71146367128305	0	0	0	0	0	5	14	0	0	0	0	0	0	1	0	0	0	0	0	31	34	0	0	0	0	0	0	0	0	0	0	0	0	0.24390243902439	0.444444444444444
044_filt.comp	0	0	0.714285714285714	1	0.909090909090909	1	0.933333333333333	1	0.739130434782609	1	0.666666666666667	0.952380952380952	0.542857142857143	0.633333333333333	1.4142135623731	0.285714285714286	0.0909090909090909	0.0666666666666667	0.260869565217391	0.336717514850737	0.586023921253373	0	5	10	14	17	20	19	0	0	0	0	0	1	11	0	2	1	1	6	10	16	0	0	0	0	0	0	0	0	0.833333333333333	0.952380952380952	0.96551724137931	0.85	0.784313725490196	0.584615384615385
045_filt.comp	0	0	1	1	0.916666666666667	1	0.894736842105263	1	0.851851851851852	1	0.86046511627907	0.925	0.76271186440678	0.555555555555556	1.4142135623731	0	0.0833333333333334	0.105263157894737	0.148148148148148	0.158413963320831	0.503821916445521	0	6	11	17	23	37	45	0	0	0	0	0	3	36	0	0	1	2	4	6	14	0	0	0	0	0	0	0	0	1	0.956521739130435	0.944444444444444	0.92	0.891566265060241	0.642857142857143
046_filt.comp	0	0	0.571428571428571	1	0.692307692307692	1	0.75	1	0.689655172413793	1	0.682926829268293	0.823529411764706	0.596491228070175	0.472222222222222	1.4142135623731	0.428571428571429	0.307692307692308	0.25	0.310344827586207	0.362873620024891	0.664355862275908	0	4	9	15	20	28	34	0	0	0	0	0	6	38	0	3	4	5	9	13	23	0	0	0	0	0	0	0	0	0.727272727272727	0.818181818181818	0.857142857142857	0.816326530612245	0.746666666666667	0.527131782945736
047_filt.comp	0	0	1	1	0.916666666666667	1	0.941176470588235	1	0.875	0.91304347826087	0.852941176470588	0.828571428571429	0.755102040816326	0.506849315068493	1.4142135623731	0	0.0833333333333334	0.0588235294117647	0.152270931805673	0.225862906826011	0.550611122717969	0	6	11	16	21	29	37	0	0	0	0	2	6	36	0	0	1	1	3	5	12	0	0	0	0	0	0	0	0	1	0.956521739130435	0.96969696969697	0.893617021276596	0.840579710144927	0.60655737704918
048_filt.comp	0	0	1	1	0.916666666666667	1	0.928571428571429	1	0.944444444444444	1	1	1	0.791666666666667	0.558823529411765	1.4142135623731	0	0.0833333333333334	0.0714285714285714	0.0555555555555556	0	0.487892873465549	0	7	11	13	17	22	19	0	0	0	0	0	0	15	0	0	1	1	1	0	5	0	0	0	0	0	0	0	0	1	0.956521739130435	0.962962962962963	0.971428571428572	1	0.655172413793103
049_filt.comp	0	0	1	1	1	1	0.9	1	0.888888888888889	1	0.871794871794872	0.944444444444444	0.796296296296296	0.544303797468354	1.4142135623731	0	0	0.1	0.111111111111111	0.13972463866899	0.499153511361353	0	7	13	18	24	34	43	0	0	0	0	0	2	36	0	0	0	2	3	5	11	0	0	0	0	0	0	0	0	1	1	0.947368421052632	0.941176470588235	0.906666666666667	0.646616541353383
050_filt.comp	0	0	0.75	1	0.666666666666667	1	0.7	1	0.75	1	0.846153846153846	0.916666666666667	0.866666666666667	0.722222222222222	1.4142135623731	0.25	0.333333333333333	0.3	0.25	0.1749659495379	0.308120547196934	0	3	6	7	9	11	13	0	0	0	0	0	1	5	0	1	3	3	3	2	2	0	0	0	0	0	0	0	0	0.857142857142857	0.8	0.823529411764706	0.857142857142857	0.88	0.787878787878788
051_filt.comp	0	0	0.833333333333333	1	0.8	1	0.785714285714286	0.916666666666667	0.722222222222222	0.928571428571429	0.84	0.807692307692308	0.75	0.461538461538462	1.4142135623731	0.166666666666667	0.2	0.229919141855095	0.286814460310995	0.250164442958447	0.59366727078589	0	5	8	11	13	21	24	0	0	0	1	1	5	28	0	1	2	3	5	4	8	0	0	0	0	0	0	0	0	0.909090909090909	0.888888888888889	0.846153846153846	0.8125	0.823529411764706	0.571428571428571
052_filt.comp	0	0	0.6	1	0.8	1	0.8125	1	0.833333333333333	1	0.869565217391304	0.952380952380952	0.733333333333333	0.488888888888889	1.4142135623731	0.4	0.2	0.1875	0.166666666666667	0.13885534275037	0.576494300936571	0	3	8	13	15	20	22	0	0	0	0	0	1	23	0	2	2	3	3	3	8	0	0	0	0	0	0	0	0	0.75	0.888888888888889	0.896551724137931	0.909090909090909	0.909090909090909	0.586666666666667
053_filt.comp	0	0	0.857142857142857	1	0.846153846153846	1	0.8	1	0.866666666666667	1	0.723404255319149	0.944444444444444	0.558823529411765	0.612903225806452	1.4142135623731	0.142857142857143	0.153846153846154	0.2	0.133333333333333	0.282119878294035	0.586924689199341	0	6	11	16	26	34	38	0	0	0	0	0	2	24	0	1	2	4	4	13	30	0	0	0	0	0	0	0	0	0.923076923076923	0.916666666666667	0.888888888888889	0.928571428571429	0.819277108433735	0.584615384615385
054_filt.comp	0	0	1	1	1	1	0.947368421052632	1	0.892857142857143	1	0.931818181818182	0.931818181818182	0.786885245901639	0.521739130434783	1.4142135623731	0	0	0.0526315789473685	0.107142857142857	0.0964236519799838	0.523594650251206	0	7	13	18	25	41	48	0	0	0	0	0	3	44	0	0	0	1	3	3	13	0	0	0	0	0	0	0	0	1	1	0.972972972972973	0.943396226415094	0.931818181818182	0.627450980392157
055_filt.comp	0	0	1	1	0.909090909090909	1	0.823529411764706	1	0.857142857142857	1	0.827586206896552	0.923076923076923	0.65625	0.6	1.4142135623731	0	0.0909090909090909	0.176470588235294	0.142857142857143	0.188795327843759	0.527412611244745	0	5	10	14	18	24	21	0	0	0	0	0	2	14	0	0	1	3	3	5	11	0	0	0	0	0	0	0	0	1	0.952380952380952	0.903225806451613	0.923076923076923	0.872727272727273	0.626865671641791
056_filt.comp	0	0	1	1	0.923076923076923	1	0.75	1	0.857142857142857	1	0.896551724137931	0.866666666666667	0.764705882352941	0.565217391304348	1.4142135623731	0	0.0769230769230769	0.25	0.142857142857143	0.168758180710188	0.494367513721831	0	7	12	15	18	26	26	0	0	0	0	0	4	20	0	0	1	5	3	3	8	0	0	0	0	0	0	0	0	1	0.96	0.857142857142857	0.923076923076923	0.88135593220339	0.65
057_filt.comp	0	0	0.714285714285714	1	0.846153846153846	1	0.833333333333333	1	0.772727272727273	0.944444444444444	0.833333333333333	0.833333333333333	0.548387096774194	0.293103448275862	1.4142135623731	0.285714285714286	0.153846153846154	0.166666666666667	0.233964339836373	0.235702260395516	0.838842624810827	0	5	11	15	17	20	17	0	0	0	0	1	4	41	0	2	2	3	5	4	14	0	0	0	0	0	0	0	0	0.833333333333333	0.916666666666667	0.909090909090909	0.85	0.833333333333333	0.382022471910112
058_filt.comp	0	0	0.833333333333333	1	0.875	1	0.909090909090909	1	0.928571428571429	1	0.91304347826087	0.807692307692308	0.794117647058823	0.435483870967742	1.4142135623731	0.166666666666667	0.125	0.0909090909090909	0.0714285714285714	0.211053749537121	0.600887679346282	0	5	7	10	13	21	27	0	0	0	0	0	5	35	0	1	1	1	1	2	7	0	0	0	0	0	0	0	0	0.909090909090909	0.933333333333333	0.952380952380952	0.962962962962963	0.857142857142857	0.5625
059_filt.comp	0	0	0.6	1	0.714285714285714	1	1	1	1	1	1	0.888888888888889	0.875	0.583333333333333	1.4142135623731	0.4	0.285714285714286	0	0	0.111111111111111	0.435012771204606	0	3	5	8	8	8	7	0	0	0	0	0	1	5	0	2	2	0	0	0	1	0	0	0	0	0	0	0	0	0.75	0.833333333333333	1	1	0.941176470588235	0.7
060_filt.comp	0	0	1	1	1	1	0.944444444444444	1	0.888888888888889	0.96	0.840909090909091	0.948717948717949	0.73015873015873	0.55421686746988	1.4142135623731	0	0	0.0555555555555556	0.118091824494102	0.167151925322644	0.521092038087242	0	6	12	17	24	37	46	0	0	0	0	1	2	37	0	0	0	1	3	7	17	0	0	0	0	0	0	0	0	1	1	0.971428571428572	0.923076923076923	0.891566265060241	0.63013698630137
061_filt.comp	0	0	0.833333333333333	1	0.833333333333333	1	0.823529411764706	0.933333333333333	0.833333333333333	0.9375	0.826086956521739	0.863636363636364	0.607142857142857	0.425	1.4142135623731	0.166666666666667	0.166666666666667	0.188643348561658	0.178000078027449	0.220999520393564	0.696391940428576	0	5	10	14	15	19	17	0	0	0	1	1	3	23	0	1	2	3	3	4	11	0	0	0	0	0	0	0	0	0.909090909090909	0.909090909090909	0.875	0.882352941176471	0.844444444444445	0.5
062_filt.comp	0	0	0.6	1	0.8	1	1	1	1	1	0.9375	0.75	0.75	0.444444444444444	1.4142135623731	0.4	0.2	0	0	0.257694101601104	0.609214227762814	0	3	8	11	12	15	12	0	0	0	0	0	5	15	0	2	2	0	0	1	4	0	0	0	0	0	0	0	0	0.75	0.888888888888889	1	1	0.833333333333333	0.558139534883721
063_filt.comp	0	0	1	1	1	1	0.9	1	0.862068965517241	1	0.829268292682927	0.829268292682927	0.711864406779661	0.477272727272727	1.4142135623731	0	0	0.1	0.137931034482759	0.241451096014919	0.596880156927108	0	7	13	18	25	34	42	0	0	0	0	0	7	46	0	0	0	2	4	7	17	0	0	0	0	0	0	0	0	1	1	0.947368421052632	0.925925925925926	0.829268292682927	0.571428571428571
064_filt.comp	0	0	0.8	1	0.909090909090909	1	0.857142857142857	1	1	0.941176470588235	0.916666666666667	0.814814814814815	0.785714285714286	0.385964912280702	1.4142135623731	0.2	0.0909090909090909	0.142857142857143	0.0588235294117647	0.203071409254271	0.650351794260141	0	4	10	12	16	22	22	0	0	0	0	1	5	35	0	1	1	2	0	2	6	0	0	0	0	0	0	0	0	0.888888888888889	0.952380952380952	0.923076923076923	0.96969696969697	0.862745098039216	0.517647058823529
065_filt.comp	0	0	0	0	0.125	1	0.272727272727273	1	0.333333333333333	1	0.4375	0.875	0.5	0.692307692307692	1.4142135623731	1.4142135623731	0.875	0.727272727272727	0.666666666666667	0.576221528580805	0.587089904710529	0	0	1	3	4	7	9	0	0	0	0	0	1	4	0	0	7	8	8	9	9	0	0	0	0	0	0	0	0	0	0.222222222222222	0.428571428571429	0.5	0.583333333333333	0.580645161290323
066_filt.comp	0	0	0	0	0.333333333333333	1	1	1	1	1	1	1	1	1	1.4142135623731	1.4142135623731	0.666666666666667	0	0	0	0	0	0	1	3	3	3	3	0	0	0	0	0	0	0	0	0	2	0	0	0	0	0	0	0	0	0	0	0	0	0	0.5	1	1	1	1
067_filt.comp	0	0	0.666666666666667	1	0.75	1	0.833333333333333	1	0.714285714285714	1	0.777777777777778	0.933333333333333	0.714285714285714	0.6	1.4142135623731	0.333333333333333	0.25	0.166666666666667	0.285714285714286	0.232006811309123	0.491561443831007	0	2	6	10	10	14	15	0	0	0	0	0	1	10	0	1	2	2	4	4	6	0	0	0	0	0	0	0	0	0.8	0.857142857142857	0.909090909090909	0.833333333333333	0.848484848484849	0.652173913043478
068_filt.comp	0	0	1	1	1	1	0.894736842105263	1	0.931034482758621	1	0.9	0.9	0.8	0.49438202247191	1.4142135623731	0	0	0.105263157894737	0.0689655172413793	0.141421356237309	0.543736645077004	0	7	12	17	27	36	44	0	0	0	0	0	4	45	0	0	0	2	2	4	11	0	0	0	0	0	0	0	0	1	1	0.944444444444444	0.964285714285714	0.9	0.611111111111111
069_filt.comp	0	0	1	1	0.923076923076923	1	0.8	1	0.793103448275862	0.958333333333333	0.818181818181818	0.9	0.765625	0.563218390804598	1.4142135623731	0	0.0769230769230769	0.2	0.211050454219957	0.20750385837297	0.495691249424806	0	7	12	16	23	36	49	0	0	0	0	1	4	38	0	0	1	4	6	8	15	0	0	0	0	0	0	0	0	1	0.96	0.888888888888889	0.867924528301887	0.857142857142857	0.649006622516556
070_filt.comp	0	0	1	1	0.875	1	0.909090909090909	1	0.846153846153846	1	0.928571428571429	0.928571428571429	0.9375	0.652173913043478	1.4142135623731	0	0.125	0.0909090909090909	0.153846153846154	0.101015254455221	0.353396713011717	0	4	7	10	11	13	15	0	0	0	0	0	1	8	0	0	1	1	2	1	1	0	0	0	0	0	0	0	0	1	0.933333333333333	0.952380952380952	0.916666666666667	0.928571428571429	0.769230769230769
071_filt.comp	0	0	0.666666666666667	1	0.4	1	0.6	1	0.6	1	0.8	1	0.857142857142857	0.545454545454545	1.4142135623731	0.333333333333333	0.6	0.4	0.4	0.2	0.476465878645302	0	2	2	3	3	4	6	0	0	0	0	0	0	5	0	1	3	2	2	1	1	0	0	0	0	0	0	0	0	0.8	0.571428571428571	0.75	0.75	0.888888888888889	0.666666666666667
072_filt.comp	0	0	0.25	1	0.5	1	0.75	1	0.833333333333333	1	0.833333333333333	1	0.666666666666667	0.8	1.4142135623731	0.75	0.5	0.25	0.166666666666667	0.166666666666667	0.38873012632302	0	1	2	3	5	5	4	0	0	0	0	0	0	1	0	3	2	1	1	1	2	0	0	0	0	0	0	0	0	0.4	0.666666666666667	0.857142857142857	0.909090909090909	0.909090909090909	0.727272727272727
073_filt.comp	0	0	0.333333333333333	1	0.5	1	0.75	1	0.6	1	0.8	1	0.6	0.375	1.4142135623731	0.666666666666667	0.5	0.25	0.4	0.2	0.742041103982792	0	1	2	3	3	4	3	0	0	0	0	0	0	5	0	2	2	1	2	1	2	0	0	0	0	0	0	0	0	0.5	0.666666666666667	0.857142857142857	0.75	0.888888888888889	0.461538461538462
074_filt.comp	0	0	0.714285714285714	1	0.615384615384615	1	0.55	1	0.566666666666667	1	0.448979591836735	0.916666666666667	0.438356164383562	0.533333333333333	1.4142135623731	0.285714285714286	0.384615384615385	0.45	0.433333333333333	0.557286223279255	0.730220224222613	0	5	8	11	17	22	32	0	0	0	0	0	2	28	0	2	5	9	13	27	41	0	0	0	0	0	0	0	0	0.833333333333333	0.761904761904762	0.709677419354839	0.723404255319149	0.602739726027397	0.481203007518797
075_filt.comp	0	0	0.4	1	0.625	1	0.7	1	0.7	1	0.727272727272727	0.727272727272727	0.75	0.5	1.4142135623731	0.6	0.375	0.3	0.3	0.385694607919935	0.559016994374947	0	2	5	7	7	8	9	0	0	0	0	0	3	9	0	3	3	3	3	3	3	0	0	0	0	0	0	0	0	0.571428571428571	0.769230769230769	0.823529411764706	0.823529411764706	0.727272727272727	0.6
076_filt.comp	0	0	0.833333333333333	1	0.818181818181818	1	0.846153846153846	1	0.764705882352941	1	0.842105263157895	1	0.857142857142857	0.666666666666667	1.4142135623731	0.166666666666667	0.181818181818182	0.153846153846154	0.235294117647059	0.157894736842105	0.362655862183996	0	5	9	11	13	16	18	0	0	0	0	0	0	9	0	1	2	2	4	3	3	0	0	0	0	0	0	0	0	0.909090909090909	0.9	0.916666666666667	0.866666666666667	0.914285714285714	0.75
077_filt.comp	0	0	0.714285714285714	1	0.538461538461538	1	0.55	1	0.586206896551724	1	0.5	0.916666666666667	0.46969696969697	0.476923076923077	1.4142135623731	0.285714285714286	0.461538461538462	0.45	0.413793103448276	0.506896877524852	0.74486963383145	0	5	7	11	17	22	31	0	0	0	0	0	2	34	0	2	6	9	12	22	35	0	0	0	0	0	0	0	0	0.833333333333333	0.7	0.709677419354839	0.739130434782609	0.647058823529412	0.473282442748092
078_filt.comp	0	0	1	1	0.769230769230769	1	0.75	1	0.846153846153846	1	0.794117647058823	0.818181818181818	0.695652173913043	0.444444444444444	1.4142135623731	0	0.230769230769231	0.25	0.153846153846154	0.274673250412676	0.63345842369685	0	7	10	15	22	27	32	0	0	0	0	0	6	40	0	0	3	5	4	7	14	0	0	0	0	0	0	0	0	1	0.869565217391304	0.857142857142857	0.916666666666667	0.805970149253731	0.542372881355932
079_filt.comp	0	0	1	1	1	1	0.947368421052632	1	0.892857142857143	0.961538461538462	0.826086956521739	0.844444444444444	0.716417910447761	0.466019417475728	1.4142135623731	0	0	0.0526315789473685	0.113837084368685	0.233330832844845	0.604610671447151	0	7	13	18	25	38	48	0	0	0	0	1	7	55	0	0	0	1	3	8	19	0	0	0	0	0	0	0	0	1	1	0.972972972972973	0.925925925925926	0.835164835164835	0.564705882352941
080_filt.comp	0	0	0.5	1	0.545454545454545	1	0.6875	1	0.590909090909091	1	0.689655172413793	1	0.514285714285714	0.692307692307692	1.4142135623731	0.5	0.454545454545455	0.3125	0.409090909090909	0.310344827586207	0.574972106766891	0	3	6	11	13	20	18	0	0	0	0	0	0	8	0	3	5	5	9	9	17	0	0	0	0	0	0	0	0	0.666666666666667	0.705882352941176	0.814814814814815	0.742857142857143	0.816326530612245	0.590163934426229
081_filt.comp	0	0	0.666666666666667	1	0.818181818181818	1	0.823529411764706	1	0.8	0.941176470588235	0.75	0.782608695652174	0.653846153846154	0.435897435897436	1.4142135623731	0.333333333333333	0.181818181818182	0.176470588235294	0.208471119372581	0.331298927263656	0.661841512776426	0	4	9	14	16	18	17	0	0	0	0	1	5	22	0	2	2	3	4	6	9	0	0	0	0	0	0	0	0	0.8	0.9	0.903225806451613	0.864864864864865	0.765957446808511	0.523076923076923
082_filt.comp	0	0	1	1	1	1	0.941176470588235	1	0.958333333333333	1	0.909090909090909	0.882352941176471	0.822222222222222	0.5	1.4142135623731	0	0	0.0588235294117647	0.0416666666666666	0.148678489566394	0.530664619389313	0	6	11	16	23	30	37	0	0	0	0	0	4	37	0	0	0	1	1	3	8	0	0	0	0	0	0	0	0	1	1	0.96969696969697	0.978723404255319	0.895522388059702	0.621848739495798
083_filt.comp	0	0	0.25	1	0.666666666666667	1	0.714285714285714	1	0.888888888888889	1	0.9	1	0.7	0.5	1.4142135623731	0.75	0.333333333333333	0.285714285714286	0.111111111111111	0.1	0.58309518948453	0	1	4	5	8	9	7	0	0	0	0	0	0	7	0	3	2	2	1	1	3	0	0	0	0	0	0	0	0	0.4	0.8	0.833333333333333	0.941176470588235	0.947368421052632	0.583333333333333
084_filt.comp	0	0	0.833333333333333	1	0.916666666666667	1	0.882352941176471	1	0.904761904761905	1	0.888888888888889	0.96	0.777777777777778	0.482758620689655	1.4142135623731	0.166666666666667	0.0833333333333334	0.117647058823529	0.0952380952380952	0.118091824494102	0.562957689813587	0	5	11	15	19	24	28	0	0	0	0	0	1	30	0	1	1	2	2	3	8	0	0	0	0	0	0	0	0	0.909090909090909	0.956521739130435	0.9375	0.95	0.923076923076923	0.595744680851064
085_filt.comp	0	0	0.8	1	0.818181818181818	1	0.823529411764706	1	0.791666666666667	1	0.787878787878788	0.866666666666667	0.75609756097561	0.476923076923077	1.4142135623731	0.2	0.181818181818182	0.176470588235294	0.208333333333333	0.250545777073871	0.57714631352688	0	4	9	14	19	26	31	0	0	0	0	0	4	34	0	1	2	3	5	7	10	0	0	0	0	0	0	0	0	0.888888888888889	0.9	0.903225806451613	0.883720930232558	0.825396825396825	0.584905660377359
086_filt.comp	0	0	0	0	1	1	1	1	1	1	1	1	1	1	1.4142135623731	1.4142135623731	0	0	0	0	0	0	0	1	1	1	1	1	0	0	0	0	0	0	0	0	0	0	0	0	0	0	0	0	0	0	0	0	0	0	0	1	1	1	1	1
087_filt.comp	0	0	0.8	1	0.666666666666667	1	0.7	1	0.769230769230769	1	0.625	1	0.523809523809524	0.733333333333333	1.4142135623731	0.2	0.333333333333333	0.3	0.230769230769231	0.375	0.545773286929311	0	4	6	7	10	10	11	0	0	0	0	0	0	4	0	1	3	3	3	6	10	0	0	0	0	0	0	0	0	0.888888888888889	0.8	0.823529411764706	0.869565217391304	0.769230769230769	0.611111111111111
088_filt.comp	0	0	0.833333333333333	1	0.833333333333333	1	0.736842105263158	1	0.769230769230769	0.952380952380952	0.789473684210526	0.810810810810811	0.767857142857143	0.494252873563218	1.4142135623731	0.166666666666667	0.166666666666667	0.263157894736842	0.235631092103669	0.283043952321812	0.556480423754071	0	5	10	14	20	30	43	0	0	0	0	1	7	44	0	1	2	5	6	8	13	0	0	0	0	0	0	0	0	0.909090909090909	0.909090909090909	0.848484848484849	0.851063829787234	0.8	0.601398601398601
089_filt.comp	0	0	1	1	0.8	1	0.857142857142857	0.923076923076923	0.789473684210526	0.882352941176471	0.80952380952381	0.894736842105263	0.727272727272727	0.64	1.4142135623731	0	0.2	0.162250802859708	0.241168323147374	0.217627000963332	0.451641633697843	0	5	8	12	15	17	16	0	0	0	1	2	2	9	0	0	2	2	4	4	6	0	0	0	0	0	0	0	0	1	0.888888888888889	0.888888888888889	0.833333333333333	0.85	0.680851063829787
090_filt.comp	0	0	0.8	1	0.875	1	0.75	1	0.8125	0.928571428571429	0.85	0.944444444444444	0.826086956521739	0.487179487179487	1.4142135623731	0.2	0.125	0.25	0.200644687984323	0.159957556098755	0.541507733150105	0	4	7	9	13	17	19	0	0	0	0	1	1	20	0	1	1	3	3	3	4	0	0	0	0	0	0	0	0	0.888888888888889	0.933333333333333	0.857142857142857	0.866666666666667	0.894736842105263	0.612903225806452
091_filt.comp	0	0	0.8	1	0.75	1	0.727272727272727	0.888888888888889	0.833333333333333	0.909090909090909	0.833333333333333	0.909090909090909	0.769230769230769	0.625	1.4142135623731	0.2	0.25	0.294492519941682	0.189847940699116	0.189847940699116	0.440317428532897	0	4	6	8	10	10	10	0	0	0	1	1	1	6	0	1	2	3	2	2	3	0	0	0	0	0	0	0	0	0.888888888888889	0.857142857142857	0.8	0.869565217391304	0.869565217391304	0.689655172413793
092_filt.comp	0	0	0.833333333333333	1	0.75	1	0.777777777777778	1	0.666666666666667	1	0.575	0.958333333333333	0.490909090909091	0.58695652173913	1.4142135623731	0.166666666666667	0.25	0.222222222222222	0.333333333333333	0.427037599177299	0.655574914600037	0	5	9	14	18	23	27	0	0	0	0	0	1	19	0	1	3	4	9	17	28	0	0	0	0	0	0	0	0	0.909090909090909	0.857142857142857	0.875	0.8	0.71875	0.534653465346535
093_filt.comp	0	0	0.6	1	0.857142857142857	1	0.875	1	0.909090909090909	1	0.833333333333333	1	0.846153846153846	0.578947368421053	1.4142135623731	0.4	0.142857142857143	0.125	0.0909090909090909	0.166666666666667	0.44827888374628	0	3	6	7	10	10	11	0	0	0	0	0	0	8	0	2	1	1	1	2	2	0	0	0	0	0	0	0	0	0.75	0.923076923076923	0.933333333333333	0.952380952380952	0.909090909090909	0.6875
094_filt.comp	0	0	0.333333333333333	1	0.5	1	0.692307692307692	1	0.823529411764706	1	0.8	1	0.774193548387097	0.727272727272727	1.4142135623731	0.666666666666667	0.5	0.307692307692308	0.176470588235294	0.2	0.35407445386425	0	2	6	9	14	20	24	0	0	0	0	0	0	9	0	4	6	4	3	5	7	0	0	0	0	0	0	0	0	0.5	0.666666666666667	0.818181818181818	0.903225806451613	0.888888888888889	0.75
095_filt.comp	0	0	0.571428571428571	1	0.727272727272727	1	0.8	1	0.882352941176471	1	0.80952380952381	0.894736842105263	0.739130434782609	0.653846153846154	1.4142135623731	0.428571428571429	0.272727272727273	0.2	0.117647058823529	0.217627000963332	0.433445977330291	0	4	8	12	15	17	17	0	0	0	0	0	2	9	0	3	3	3	2	4	6	0	0	0	0	0	0	0	0	0.727272727272727	0.842105263157895	0.888888888888889	0.9375	0.85	0.693877551020408
096_filt.comp	0	0	0.5	1	0.333333333333333	1	0.666666666666667	1	0.666666666666667	1	0.666666666666667	0.666666666666667	0.666666666666667	0.571428571428571	1.4142135623731	0.5	0.666666666666667	0.333333333333333	0.333333333333333	0.471404520791032	0.542940678618637	0	2	2	4	4	4	4	0	0	0	0	0	2	3	0	2	4	2	2	2	2	0	0	0	0	0	0	0	0	0.666666666666667	0.5	0.8	0.8	0.666666666666667	0.615384615384615
097_filt.comp	0	0	0.571428571428571	1	0.461538461538462	1	0.4	1	0.4	1	0.36734693877551	0.947368421052632	0.366197183098592	0.472727272727273	1.4142135623731	0.428571428571429	0.538461538461538	0.6	0.6	0.634838545599754	0.82445287290286	0	4	6	8	12	18	26	0	0	0	0	0	1	29	0	3	7	12	18	31	45	0	0	0	0	0	0	0	0	0.727272727272727	0.631578947368421	0.571428571428571	0.571428571428571	0.529411764705882	0.412698412698413
098_filt.comp	0	0	1	1	1	1	1	1	0.923076923076923	1	0.971428571428571	0.894736842105263	0.813953488372093	0.486111111111111	1.4142135623731	0	0	0	0.0769230769230769	0.109071806350608	0.54653004913945	0	7	13	19	24	34	35	0	0	0	0	0	4	37	0	0	0	0	2	1	8	0	0	0	0	0	0	0	0	1	1	1	0.96	0.931506849315068	0.608695652173913
099_filt.comp	0	0	1	1	1	1	0.9	1	0.866666666666667	1	0.854166666666667	0.953488372093023	0.75	0.521739130434783	1.4142135623731	0	0	0.1	0.133333333333333	0.153070874570142	0.539660503795931	0	7	13	18	26	41	48	0	0	0	0	0	2	44	0	0	0	2	4	7	16	0	0	0	0	0	0	0	0	1	1	0.947368421052632	0.928571428571429	0.901098901098901	0.615384615384615
100_filt.comp	0	0	1	1	1	1	0.85	1	0.857142857142857	0.96	0.837209302325581	0.857142857142857	0.711864406779661	0.506024096385542	1.4142135623731	0	0	0.15	0.148351485551396	0.216584797515038	0.57186914012924	0	7	13	17	24	36	42	0	0	0	0	1	6	41	0	0	0	3	4	7	17	0	0	0	0	0	0	0	0	1	1	0.918918918918919	0.90566037735849	0.847058823529412	0.591549295774648
