Filename	Kingdom_SSV	Kingdom_PPV	Phylum_SSV	Phylum_PPV	Class_SSV	Class_PPV	Order_SSV	Order_PPV	Family_SSV	Family_PPV	Genus_SSV	Genus_PPV	Species_SSV	Species_PPV	Kingdom_Dist	Phylum_Dist	Class_Dist	Order_Dist	Family_Dist	Genus_Dist	Species_Dist	Kingdom_TP	Phylum_TP	Class_TP	Order_TP	Family_TP	Genus_TP	Species_TP	Kingdom_FP	Phylum_FP	Class_FP	Order_FP	Family_FP	Genus_FP	Species_FP	Kingdom_FN	Phylum_FN	Class_FN	Order_FN	Family_FN	Genus_FN	Species_FN	Kingdom_TN	Phylum_TN	Class_TN	Order_TN	Family_TN	Genus_TN	Species_TN	Kingdom_F1	Phylum_F1	Class_F1	Order_F1	Family_F1	Genus_F1	Species_F1
001_filt.comp	0	0	1	1	0.916666666666667	1	0.882352941176471	1	0.833333333333333	0.909090909090909	0.815789473684211	0.815789473684211	0.754716981132076	0.43010752688172	1.4142135623731	0	0.0833333333333334	0.117647058823529	0.189847940699116	0.260513024647675	0.620436290252135	0	6	11	15	20	31	40	0	0	0	0	2	7	53	0	0	1	2	4	7	13	0	0	0	0	0	0	0	0	1	0.956521739130435	0.9375	0.869565217391304	0.815789473684211	0.547945205479452
002_filt.comp	0	0	1	1	0.923076923076923	1	0.8	1	0.714285714285714	0.952380952380952	0.785714285714286	0.785714285714286	0.721311475409836	0.458333333333333	1.4142135623731	0	0.0769230769230769	0.2	0.28965535858563	0.303045763365663	0.60915521135095	0	7	12	16	20	33	44	0	0	0	0	1	9	52	0	0	1	4	8	9	17	0	0	0	0	0	0	0	0	1	0.96	0.888888888888889	0.816326530612245	0.785714285714286	0.560509554140127
003_filt.comp	0	0	0.666666666666667	1	0.888888888888889	1	0.818181818181818	1	0.928571428571429	1	0.9375	1	0.722222222222222	0.590909090909091	1.4142135623731	0.333333333333333	0.111111111111111	0.181818181818182	0.0714285714285714	0.0625	0.494485455527245	0	4	8	9	13	15	13	0	0	0	0	0	0	9	0	2	1	2	1	1	5	0	0	0	0	0	0	0	0	0.8	0.941176470588235	0.9	0.962962962962963	0.967741935483871	0.65
004_filt.comp	0	0	0.8	1	0.875	1	0.833333333333333	1	0.846153846153846	1	0.928571428571429	0.866666666666667	0.866666666666667	0.52	1.4142135623731	0.2	0.125	0.166666666666667	0.153846153846154	0.151260763564463	0.498174445127184	0	4	7	10	11	13	13	0	0	0	0	0	2	12	0	1	1	2	2	1	2	0	0	0	0	0	0	0	0	0.888888888888889	0.933333333333333	0.909090909090909	0.916666666666667	0.896551724137931	0.65
005_filt.comp	0	0	1	1	0.9	1	0.857142857142857	0.923076923076923	0.888888888888889	0.941176470588235	0.894736842105263	0.85	0.8	0.457142857142857	1.4142135623731	0	0.1	0.162250802859708	0.125721464455368	0.183249372195302	0.578527335180474	0	6	9	12	16	17	16	0	0	0	1	1	3	19	0	0	1	2	2	2	4	0	0	0	0	0	0	0	0	1	0.947368421052632	0.888888888888889	0.914285714285714	0.871794871794872	0.581818181818182
006_filt.comp	0	0	1	1	1	1	0.85	1	0.793103448275862	0.958333333333333	0.733333333333333	0.804878048780488	0.634920634920635	0.425531914893617	1.4142135623731	0	0	0.15	0.211050454219957	0.33042954916112	0.680658889321624	0	7	13	17	23	33	40	0	0	0	0	1	8	54	0	0	0	3	6	12	23	0	0	0	0	0	0	0	0	1	1	0.918918918918919	0.867924528301887	0.767441860465116	0.509554140127389
007_filt.comp	0	0	1	1	1	1	0.833333333333333	0.833333333333333	0.833333333333333	0.833333333333333	0.857142857142857	0.857142857142857	0.571428571428571	0.4	1.4142135623731	0	0	0.235702260395516	0.235702260395516	0.202030508910442	0.737342165746511	0	3	5	5	5	6	4	0	0	0	1	1	1	6	0	0	0	1	1	1	3	0	0	0	0	0	0	0	0	1	1	0.833333333333333	0.833333333333333	0.857142857142857	0.470588235294118
008_filt.comp	0	0	0.333333333333333	1	0.333333333333333	1	0.421052631578947	1	0.482758620689655	1	0.651162790697674	0.933333333333333	0.733333333333333	0.698412698412698	1.4142135623731	0.666666666666667	0.666666666666667	0.578947368421053	0.517241379310345	0.3551504512714	0.402574231154729	0	2	4	8	14	28	44	0	0	0	0	0	2	19	0	4	8	11	15	15	16	0	0	0	0	0	0	0	0	0.5	0.5	0.592592592592593	0.651162790697674	0.767123287671233	0.715447154471545
009_filt.comp	0	0	1	1	1	1	0.928571428571429	0.928571428571429	0.941176470588235	0.941176470588235	0.923076923076923	0.888888888888889	0.763157894736842	0.439393939393939	1.4142135623731	0	0	0.101015254455221	0.0831890330807703	0.135140070947367	0.608583057613117	0	5	11	13	16	24	29	0	0	0	1	1	3	37	0	0	0	1	1	2	9	0	0	0	0	0	0	0	0	1	1	0.928571428571429	0.941176470588235	0.905660377358491	0.557692307692308
010_filt.comp	0	0	0.833333333333333	1	0.833333333333333	1	0.857142857142857	1	1	1	1	1	1	0.777777777777778	1.4142135623731	0.166666666666667	0.166666666666667	0.142857142857143	0	0	0.222222222222222	0	5	5	6	7	7	7	0	0	0	0	0	0	2	0	1	1	1	0	0	0	0	0	0	0	0	0	0	0	0.909090909090909	0.909090909090909	0.923076923076923	1	1	0.875
011_filt.comp	0	0	1	1	0.909090909090909	1	0.823529411764706	1	0.84	1	0.896551724137931	0.962962962962963	0.771428571428571	0.529411764705882	1.4142135623731	0	0.0909090909090909	0.176470588235294	0.16	0.109878514238761	0.523161719888234	0	6	10	14	21	26	27	0	0	0	0	0	1	24	0	0	1	3	4	3	8	0	0	0	0	0	0	0	0	1	0.952380952380952	0.903225806451613	0.91304347826087	0.928571428571428	0.627906976744186
012_filt.comp	0	0	0	0	1	1	1	1	1	1	1	1	1	1	1.4142135623731	1.4142135623731	0	0	0	0	0	0	0	1	1	1	1	1	0	0	0	0	0	0	0	0	0	0	0	0	0	0	0	0	0	0	0	0	0	0	0	1	1	1	1	1
013_filt.comp	0	0	0.8	1	0.857142857142857	1	0.777777777777778	1	0.8	1	0.769230769230769	0.833333333333333	0.6	0.310344827586207	1.4142135623731	0.2	0.142857142857143	0.222222222222222	0.2	0.284661580912494	0.797260469882396	0	4	6	7	8	10	9	0	0	0	0	0	2	20	0	1	1	2	2	3	6	0	0	0	0	0	0	0	0	0.888888888888889	0.923076923076923	0.875	0.888888888888889	0.8	0.409090909090909
014_filt.comp	0	0	0.714285714285714	1	0.769230769230769	1	0.857142857142857	1	0.875	1	0.857142857142857	0.947368421052632	0.636363636363636	0.4375	1.4142135623731	0.285714285714286	0.230769230769231	0.142857142857143	0.125	0.152244035573809	0.669804191505755	0	5	10	12	14	18	14	0	0	0	0	0	1	18	0	2	3	2	2	3	8	0	0	0	0	0	0	0	0	0.833333333333333	0.869565217391304	0.923076923076923	0.933333333333333	0.9	0.518518518518519
015_filt.comp	0	0	1	1	0.923076923076923	1	0.9	1	0.84	1	0.882352941176471	0.967741935483871	0.795454545454545	0.603448275862069	1.4142135623731	0	0.0769230769230769	0.1	0.16	0.121989397802242	0.446197392296249	0	7	12	18	21	30	35	0	0	0	0	0	1	23	0	0	1	2	4	4	9	0	0	0	0	0	0	0	0	1	0.96	0.947368421052632	0.91304347826087	0.923076923076923	0.686274509803921
016_filt.comp	0	0	0.6	1	0.625	1	0.888888888888889	0.888888888888889	0.9	0.9	0.909090909090909	0.833333333333333	0.833333333333333	0.476190476190476	1.4142135623731	0.4	0.375	0.157134840263677	0.141421356237309	0.189847940699116	0.549685541934057	0	3	5	8	9	10	10	0	0	0	1	1	2	11	0	2	3	1	1	1	2	0	0	0	0	0	0	0	0	0.75	0.769230769230769	0.888888888888889	0.9	0.869565217391304	0.606060606060606
017_filt.comp	0	0	1	1	0.916666666666667	1	0.947368421052632	1	0.923076923076923	1	0.972222222222222	0.921052631578947	0.818181818181818	0.529411764705882	1.4142135623731	0	0.0833333333333334	0.0526315789473685	0.0769230769230769	0.0836916478442206	0.504490969628695	0	6	11	18	24	35	36	0	0	0	0	0	3	32	0	0	1	1	2	1	8	0	0	0	0	0	0	0	0	1	0.956521739130435	0.972972972972973	0.96	0.945945945945946	0.642857142857143
018_filt.comp	0	0	0.75	1	0.5	1	0.727272727272727	1	0.785714285714286	1	0.857142857142857	1	0.764705882352941	0.619047619047619	1.4142135623731	0.25	0.5	0.272727272727273	0.214285714285714	0.142857142857143	0.447758906502814	0	3	4	8	11	12	13	0	0	0	0	0	0	8	0	1	4	3	3	2	4	0	0	0	0	0	0	0	0	0.857142857142857	0.666666666666667	0.842105263157895	0.88	0.923076923076923	0.684210526315789
020_filt.comp	0	0	1	1	1	1	1	1	1	1	0.931034482758621	0.9	0.848484848484849	0.636363636363636	1.4142135623731	0	0	0	0	0.121475275543507	0.393939393939394	0	6	12	17	21	27	28	0	0	0	0	0	3	16	0	0	0	0	0	2	5	0	0	0	0	0	0	0	0	1	1	1	1	0.915254237288136	0.727272727272727
021_filt.comp	0	0	0.5	1	0.6	1	0.714285714285714	1	0.666666666666667	1	0.611111111111111	1	0.6	0.6	1.4142135623731	0.5	0.4	0.285714285714286	0.333333333333333	0.388888888888889	0.565685424949238	0	3	6	10	10	11	12	0	0	0	0	0	0	8	0	3	4	4	5	7	8	0	0	0	0	0	0	0	0	0.666666666666667	0.75	0.833333333333333	0.8	0.758620689655172	0.6
022_filt.comp	0	0	0.5	1	0.5	1	0.8	1	0.8	1	1	1	1	0.75	1.4142135623731	0.5	0.5	0.2	0.2	0	0.25	0	2	2	4	4	5	6	0	0	0	0	0	0	2	0	2	2	1	1	0	0	0	0	0	0	0	0	0	0	0.666666666666667	0.666666666666667	0.888888888888889	0.888888888888889	1	0.857142857142857
023_filt.comp	0	0	0.857142857142857	1	0.923076923076923	1	0.894736842105263	1	0.826086956521739	1	0.794117647058823	0.964285714285714	0.688888888888889	0.596153846153846	1.4142135623731	0.142857142857143	0.0769230769230769	0.105263157894737	0.173913043478261	0.208957061274983	0.509786072223557	0	6	12	17	19	27	31	0	0	0	0	0	1	21	0	1	1	2	4	7	14	0	0	0	0	0	0	0	0	0.923076923076923	0.96	0.944444444444444	0.904761904761905	0.870967741935484	0.639175257731959
024_filt.comp	0	0	0.666666666666667	1	1	1	1	1	1	1	1	1	1	0.625	1.4142135623731	0.333333333333333	0	0	0	0	0.375	0	2	4	5	5	5	5	0	0	0	0	0	0	3	0	1	0	0	0	0	0	0	0	0	0	0	0	0	0	0.8	1	1	1	1	0.769230769230769
025_filt.comp	0	0	1	1	1	1	1	1	0.92	1	0.941176470588235	0.761904761904762	0.863636363636364	0.408602150537634	1.4142135623731	0	0	0	0.08	0.245254051987087	0.606915527623923	0	6	11	17	23	32	38	0	0	0	0	0	10	55	0	0	0	0	2	2	6	0	0	0	0	0	0	0	0	1	1	1	0.958333333333333	0.842105263157895	0.554744525547445
026_filt.comp	0	0	1	1	0.916666666666667	1	0.933333333333333	0.933333333333333	0.85	0.894736842105263	0.869565217391304	0.689655172413793	0.709677419354839	0.271604938271605	1.4142135623731	0	0.0833333333333334	0.0942809041582063	0.183249372195302	0.336640972734589	0.784121525519341	0	6	11	14	17	20	22	0	0	0	1	2	9	59	0	0	1	1	3	3	9	0	0	0	0	0	0	0	0	1	0.956521739130435	0.933333333333333	0.871794871794872	0.769230769230769	0.392857142857143
027_filt.comp	0	0	0.75	1	0.833333333333333	1	0.75	1	0.75	1	0.666666666666667	0.857142857142857	0.555555555555556	0.714285714285714	1.4142135623731	0.25	0.166666666666667	0.25	0.25	0.362655862183996	0.528359269114071	0	3	5	6	6	6	5	0	0	0	0	0	1	2	0	1	1	2	2	3	4	0	0	0	0	0	0	0	0	0.857142857142857	0.909090909090909	0.857142857142857	0.857142857142857	0.75	0.625
028_filt.comp	0	0	0.8	1	0.857142857142857	1	1	1	1	1	1	1	0.777777777777778	0.411764705882353	1.4142135623731	0.2	0.142857142857143	0	0	0	0.628811161872193	0	4	6	7	9	9	7	0	0	0	0	0	0	10	0	1	1	0	0	0	2	0	0	0	0	0	0	0	0	0.888888888888889	0.923076923076923	1	1	1	0.538461538461538
029_filt.comp	0	0	0.571428571428571	1	0.384615384615385	1	0.368421052631579	1	0.285714285714286	1	0.25	0.916666666666667	0.262295081967213	0.484848484848485	1.4142135623731	0.428571428571429	0.615384615384615	0.631578947368421	0.714285714285714	0.754615428178118	0.899771987590558	0	4	5	7	8	11	16	0	0	0	0	0	1	17	0	3	8	12	20	33	45	0	0	0	0	0	0	0	0	0.727272727272727	0.555555555555556	0.538461538461538	0.444444444444444	0.392857142857143	0.340425531914894
030_filt.comp	0	0	0.285714285714286	1	0.384615384615385	1	0.45	1	0.413793103448276	1	0.583333333333333	1	0.608695652173913	0.807692307692308	1.4142135623731	0.714285714285714	0.615384615384615	0.55	0.586206896551724	0.416666666666667	0.436006125127055	0	2	5	9	12	28	42	0	0	0	0	0	0	10	0	5	8	11	17	20	27	0	0	0	0	0	0	0	0	0.444444444444444	0.555555555555556	0.620689655172414	0.585365853658537	0.736842105263158	0.694214876033058
031_filt.comp	0	0	1	1	0.916666666666667	1	0.882352941176471	1	0.869565217391304	1	0.931034482758621	0.931034482758621	0.742857142857143	0.361111111111111	1.4142135623731	0	0.0833333333333334	0.117647058823529	0.130434782608696	0.0975319698188342	0.688695477932933	0	7	11	15	20	27	26	0	0	0	0	0	2	46	0	0	1	2	3	2	9	0	0	0	0	0	0	0	0	1	0.956521739130435	0.9375	0.930232558139535	0.931034482758621	0.485981308411215
032_filt.comp	0	0	0.5	1	1	1	1	1	1	1	1	1	0.333333333333333	0.2	1.4142135623731	0.5	0	0	0	0	1.04136662345422	0	1	2	3	3	3	1	0	0	0	0	0	0	4	0	1	0	0	0	0	2	0	0	0	0	0	0	0	0	0.666666666666667	1	1	1	1	0.25
033_filt.comp	0	0	0.857142857142857	1	1	1	1	1	0.857142857142857	0.923076923076923	0.842105263157895	0.695652173913043	0.833333333333333	0.357142857142857	1.4142135623731	0.142857142857143	0	0	0.162250802859708	0.342867827546263	0.664110746713398	0	6	9	12	12	16	20	0	0	0	0	1	7	36	0	1	0	0	2	3	4	0	0	0	0	0	0	0	0	0.923076923076923	1	1	0.888888888888889	0.761904761904762	0.5
034_filt.comp	0	0	1	1	1	1	0.75	0.75	0.75	0.75	0.75	0.75	0.75	0.75	1.4142135623731	0	0	0.353553390593274	0.353553390593274	0.353553390593274	0.353553390593274	0	3	3	3	3	3	3	0	0	0	1	1	1	1	0	0	0	1	1	1	1	0	0	0	0	0	0	0	0	1	1	0.75	0.75	0.75	0.75
035_filt.comp	0	0	0.8	1	1	1	0.875	1	0.7	1	0.7	1	0.454545454545455	0.454545454545455	1.4142135623731	0.2	0	0.125	0.3	0.3	0.77138921583987	0	4	6	7	7	7	5	0	0	0	0	0	0	6	0	1	0	1	3	3	6	0	0	0	0	0	0	0	0	0.888888888888889	1	0.933333333333333	0.823529411764706	0.823529411764706	0.454545454545455
036_filt.comp	0	0	0.8	1	1	1	0.9	1	0.916666666666667	1	0.9375	0.9375	0.75	0.305084745762712	1.4142135623731	0.2	0	0.1	0.0833333333333334	0.0883883476483184	0.738516899313533	0	4	7	9	11	15	18	0	0	0	0	0	1	41	0	1	0	1	1	1	6	0	0	0	0	0	0	0	0	0.888888888888889	1	0.947368421052632	0.956521739130435	0.9375	0.433734939759036
037_filt.comp	0	0	1	1	1	1	0.928571428571429	1	0.9375	1	0.952380952380952	0.869565217391304	0.84	0.446808510638298	1.4142135623731	0	0	0.0714285714285714	0.0625	0.13885534275037	0.575865282772124	0	6	10	13	15	20	21	0	0	0	0	0	3	26	0	0	0	1	1	1	4	0	0	0	0	0	0	0	0	1	1	0.962962962962963	0.967741935483871	0.909090909090909	0.583333333333333
038_filt.comp	0	0	0.857142857142857	1	0.923076923076923	1	0.85	1	0.827586206896552	1	0.826086956521739	0.883720930232558	0.739130434782609	0.421487603305785	1.4142135623731	0.142857142857143	0.0769230769230769	0.15	0.172413793103448	0.209204609791116	0.634609740853066	0	6	12	17	24	38	51	0	0	0	0	0	5	70	0	1	1	3	5	8	18	0	0	0	0	0	0	0	0	0.923076923076923	0.96	0.918918918918919	0.905660377358491	0.853932584269663	0.536842105263158
039_filt.comp	0	0	0.857142857142857	1	0.923076923076923	1	0.888888888888889	1	0.851851851851852	1	0.794871794871795	1	0.6	0.611111111111111	1.4142135623731	0.142857142857143	0.0769230769230769	0.111111111111111	0.148148148148148	0.205128205128205	0.557884009361475	0	6	12	16	23	31	33	0	0	0	0	0	0	21	0	1	1	2	4	8	22	0	0	0	0	0	0	0	0	0.923076923076923	0.96	0.941176470588235	0.92	0.885714285714286	0.605504587155963
040_filt.comp	0	0	1	1	0.888888888888889	1	0.818181818181818	1	0.866666666666667	0.928571428571429	0.882352941176471	0.9375	0.761904761904762	0.484848484848485	1.4142135623731	0	0.111111111111111	0.181818181818182	0.151260763564463	0.133218168617599	0.567512489700914	0	6	8	9	13	15	16	0	0	0	0	1	1	17	0	0	1	2	2	2	5	0	0	0	0	0	0	0	0	1	0.941176470588235	0.9	0.896551724137931	0.909090909090909	0.592592592592593
041_filt.comp	0	0	1	1	1	1	0.95	1	0.896551724137931	0.962962962962963	0.8125	0.866666666666667	0.728571428571429	0.485714285714286	1.4142135623731	0	0	0.05	0.109878514238761	0.230073961537975	0.581518069629932	0	7	13	19	26	39	51	0	0	0	0	1	6	54	0	0	0	1	3	9	19	0	0	0	0	0	0	0	0	1	1	0.974358974358974	0.928571428571428	0.838709677419355	0.582857142857143
043_filt.comp	0	0	0	0	0	0	0.105263157894737	1	0.111111111111111	1	0.138888888888889	1	0.333333333333333	0.888888888888889	1.4142135623731	1.4142135623731	1.4142135623731	0.894736842105263	0.888888888888889	0.861111111111111	0.675862503366469	0	0	0	2	3	5	16	0	0	0	0	0	0	2	0	0	0	17	24	31	32	0	0	0	0	0	0	0	0	0	0	0.19047619047619	0.2	0.24390243902439	0.484848484848485
044_filt.comp	0	0	0.857142857142857	1	0.909090909090909	1	0.933333333333333	1	0.739130434782609	1	0.666666666666667	0.909090909090909	0.542857142857143	0.513513513513513	1.4142135623731	0.142857142857143	0.0909090909090909	0.0666666666666667	0.260869565217391	0.345507704575496	0.667569242379172	0	6	10	14	17	20	19	0	0	0	0	0	2	18	0	1	1	1	6	10	16	0	0	0	0	0	0	0	0	0.923076923076923	0.952380952380952	0.96551724137931	0.85	0.769230769230769	0.527777777777778
045_filt.comp	0	0	1	1	0.916666666666667	1	0.894736842105263	1	0.851851851851852	1	0.883720930232558	0.883720930232558	0.779661016949153	0.474226804123711	1.4142135623731	0	0.0833333333333334	0.105263157894737	0.148148148148148	0.164443437485244	0.570076065936685	0	6	11	17	23	38	46	0	0	0	0	0	5	51	0	0	1	2	4	5	13	0	0	0	0	0	0	0	0	1	0.956521739130435	0.944444444444444	0.92	0.883720930232558	0.58974358974359
046_filt.comp	0	0	0.571428571428571	1	0.769230769230769	1	0.75	1	0.724137931034483	0.954545454545455	0.682926829268293	0.8	0.614035087719298	0.402298850574713	1.4142135623731	0.428571428571429	0.230769230769231	0.25	0.279581824867811	0.374880508426163	0.711488283484809	0	4	10	15	21	28	35	0	0	0	0	1	7	52	0	3	3	5	8	13	22	0	0	0	0	0	0	0	0	0.727272727272727	0.869565217391304	0.857142857142857	0.823529411764706	0.736842105263158	0.486111111111111
047_filt.comp	0	0	1	1	0.916666666666667	1	0.941176470588235	1	0.875	0.91304347826087	0.882352941176471	0.769230769230769	0.775510204081633	0.436781609195402	1.4142135623731	0	0.0833333333333334	0.0588235294117647	0.152270931805673	0.259027543554058	0.60630901709606	0	6	11	16	21	30	38	0	0	0	0	2	9	49	0	0	1	1	3	4	11	0	0	0	0	0	0	0	0	1	0.956521739130435	0.96969696969697	0.893617021276596	0.821917808219178	0.558823529411765
048_filt.comp	0	0	1	1	0.916666666666667	1	0.928571428571429	1	1	1	1	1	0.791666666666667	0.513513513513513	1.4142135623731	0	0.0833333333333334	0.0714285714285714	0	0	0.529218177419998	0	7	11	13	18	22	19	0	0	0	0	0	0	18	0	0	1	1	0	0	5	0	0	0	0	0	0	0	0	1	0.956521739130435	0.962962962962963	1	1	0.622950819672131
049_filt.comp	0	0	1	1	1	1	0.9	1	0.888888888888889	1	0.871794871794872	0.829268292682927	0.796296296296296	0.447916666666667	1.4142135623731	0	0	0.1	0.111111111111111	0.213508479413573	0.588465127129085	0	7	13	18	24	34	43	0	0	0	0	0	7	53	0	0	0	2	3	5	11	0	0	0	0	0	0	0	0	1	1	0.947368421052632	0.941176470588235	0.85	0.573333333333333
050_filt.comp	0	0	1	1	0.777777777777778	1	0.7	1	0.75	0.9	0.846153846153846	0.916666666666667	0.866666666666667	0.619047619047619	1.4142135623731	0	0.222222222222222	0.3	0.269258240356725	0.1749659495379	0.403611811436516	0	4	7	7	9	11	13	0	0	0	0	1	1	8	0	0	2	3	3	2	2	0	0	0	0	0	0	0	0	1	0.875	0.823529411764706	0.818181818181818	0.88	0.722222222222222
051_filt.comp	0	0	1	1	0.8	1	0.785714285714286	0.916666666666667	0.777777777777778	0.933333333333333	0.84	0.7	0.75	0.39344262295082	1.4142135623731	0	0.2	0.229919141855095	0.232006811309123	0.34	0.656057811212382	0	6	8	11	14	21	24	0	0	0	1	1	9	37	0	0	2	3	4	4	8	0	0	0	0	0	0	0	0	1	0.888888888888889	0.846153846153846	0.848484848484849	0.763636363636364	0.516129032258065
052_filt.comp	0	0	0.6	1	0.9	1	0.875	1	0.833333333333333	1	0.869565217391304	0.909090909090909	0.733333333333333	0.392857142857143	1.4142135623731	0.4	0.1	0.125	0.166666666666667	0.158989607597777	0.6631240910197	0	3	9	14	15	20	22	0	0	0	0	0	2	34	0	2	1	2	3	3	8	0	0	0	0	0	0	0	0	0.75	0.947368421052632	0.933333333333333	0.909090909090909	0.888888888888889	0.511627906976744
053_filt.comp	0	0	0.857142857142857	1	0.923076923076923	1	0.9	1	0.866666666666667	0.962962962962963	0.74468085106383	0.897435897435897	0.602941176470588	0.493975903614458	1.4142135623731	0.142857142857143	0.0769230769230769	0.1	0.138381790313107	0.275149528344626	0.64320766123031	0	6	12	18	26	35	41	0	0	0	0	1	4	42	0	1	1	2	4	12	27	0	0	0	0	0	0	0	0	0.923076923076923	0.96	0.947368421052632	0.912280701754386	0.813953488372093	0.543046357615894
054_filt.comp	0	0	1	1	1	1	0.947368421052632	1	0.892857142857143	0.961538461538462	0.931818181818182	0.872340425531915	0.786885245901639	0.440366972477064	1.4142135623731	0	0	0.0526315789473685	0.113837084368685	0.144726387655987	0.598838061506524	0	7	13	18	25	41	48	0	0	0	0	1	6	61	0	0	0	1	3	3	13	0	0	0	0	0	0	0	0	1	1	0.972972972972973	0.925925925925926	0.901098901098901	0.564705882352941
055_filt.comp	0	0	1	1	0.909090909090909	1	0.882352941176471	1	0.857142857142857	1	0.827586206896552	0.888888888888889	0.65625	0.525	1.4142135623731	0	0.0909090909090909	0.117647058823529	0.142857142857143	0.205115077614164	0.586335281643532	0	5	10	15	18	24	21	0	0	0	0	0	3	19	0	0	1	2	3	5	11	0	0	0	0	0	0	0	0	1	0.952380952380952	0.9375	0.923076923076923	0.857142857142857	0.583333333333333
056_filt.comp	0	0	1	1	0.923076923076923	1	0.75	1	0.857142857142857	1	0.896551724137931	0.838709677419355	0.764705882352941	0.490566037735849	1.4142135623731	0	0.0769230769230769	0.25	0.142857142857143	0.191614493024414	0.56114729234619	0	7	12	15	18	26	26	0	0	0	0	0	5	27	0	0	1	5	3	3	8	0	0	0	0	0	0	0	0	1	0.96	0.857142857142857	0.923076923076923	0.866666666666667	0.597701149425287
057_filt.comp	0	0	0.714285714285714	1	0.846153846153846	1	0.833333333333333	1	0.818181818181818	0.947368421052632	0.833333333333333	0.769230769230769	0.580645161290323	0.253521126760563	1.4142135623731	0.285714285714286	0.153846153846154	0.166666666666667	0.189282683682799	0.284661580912494	0.856206277098012	0	5	11	15	18	20	18	0	0	0	0	1	6	53	0	2	2	3	4	4	13	0	0	0	0	0	0	0	0	0.833333333333333	0.916666666666667	0.909090909090909	0.878048780487805	0.8	0.352941176470588
058_filt.comp	0	0	0.833333333333333	1	1	1	0.909090909090909	1	1	0.933333333333333	0.91304347826087	0.75	0.794117647058823	0.364864864864865	1.4142135623731	0.166666666666667	0	0.0909090909090909	0.0666666666666667	0.264691210040998	0.667670714600934	0	5	8	10	14	21	27	0	0	0	0	1	7	47	0	1	0	1	0	2	7	0	0	0	0	0	0	0	0	0.909090909090909	1	0.952380952380952	0.96551724137931	0.823529411764706	0.5
059_filt.comp	0	0	0.8	1	1	1	1	1	1	1	1	0.8	0.875	0.5	1.4142135623731	0.2	0	0	0	0.2	0.515388203202208	0	4	7	8	8	8	7	0	0	0	0	0	2	7	0	1	0	0	0	0	1	0	0	0	0	0	0	0	0	0.888888888888889	1	1	1	0.888888888888889	0.636363636363636
060_filt.comp	0	0	1	1	1	1	0.944444444444444	1	0.888888888888889	0.96	0.840909090909091	0.948717948717949	0.73015873015873	0.5	1.4142135623731	0	0	0.0555555555555556	0.118091824494102	0.167151925322644	0.568167502510966	0	6	12	17	24	37	46	0	0	0	0	1	2	46	0	0	0	1	3	7	17	0	0	0	0	0	0	0	0	1	1	0.971428571428572	0.923076923076923	0.891566265060241	0.593548387096774
061_filt.comp	0	0	1	1	0.916666666666667	1	0.823529411764706	0.933333333333333	0.888888888888889	0.941176470588235	0.826086956521739	0.826086956521739	0.678571428571429	0.339285714285714	1.4142135623731	0	0.0833333333333334	0.188643348561658	0.125721464455368	0.245950184760538	0.734751450408606	0	6	11	14	16	19	19	0	0	0	1	1	4	37	0	0	1	3	2	4	9	0	0	0	0	0	0	0	0	1	0.956521739130435	0.875	0.914285714285714	0.826086956521739	0.452380952380952
062_filt.comp	0	0	0.8	1	1	1	1	1	1	0.923076923076923	0.9375	0.652173913043478	0.75	0.307692307692308	1.4142135623731	0.2	0	0	0.0769230769230769	0.353396713011717	0.736063815730948	0	4	10	11	12	15	12	0	0	0	0	1	8	27	0	1	0	0	0	1	4	0	0	0	0	0	0	0	0	0.888888888888889	1	1	0.96	0.769230769230769	0.436363636363636
063_filt.comp	0	0	1	1	1	1	0.9	1	0.862068965517241	0.961538461538462	0.829268292682927	0.772727272727273	0.711864406779661	0.4	1.4142135623731	0	0	0.1	0.143193087173621	0.284257292686373	0.665599068569388	0	7	13	18	25	34	42	0	0	0	0	1	10	63	0	0	0	2	4	7	17	0	0	0	0	0	0	0	0	1	1	0.947368421052632	0.909090909090909	0.8	0.51219512195122
064_filt.comp	0	0	1	1	0.909090909090909	1	0.928571428571429	1	1	0.941176470588235	0.958333333333333	0.793103448275862	0.785714285714286	0.328358208955224	1.4142135623731	0	0.0909090909090909	0.0714285714285714	0.0588235294117647	0.211050454219957	0.704997207671614	0	5	10	13	16	23	22	0	0	0	0	1	6	45	0	0	1	1	0	1	6	0	0	0	0	0	0	0	0	1	0.952380952380952	0.962962962962963	0.96969696969697	0.867924528301887	0.463157894736842
065_filt.comp	0	0	0	0	0.125	1	0.363636363636364	1	0.5	1	0.4375	0.875	0.5	0.692307692307692	1.4142135623731	1.4142135623731	0.875	0.636363636363636	0.5	0.576221528580805	0.587089904710529	0	0	1	4	6	7	9	0	0	0	0	0	1	4	0	0	7	7	6	9	9	0	0	0	0	0	0	0	0	0	0.222222222222222	0.533333333333333	0.666666666666667	0.583333333333333	0.580645161290323
066_filt.comp	0	0	0	0	0.333333333333333	1	1	1	1	1	1	1	1	1	1.4142135623731	1.4142135623731	0.666666666666667	0	0	0	0	0	0	1	3	3	3	3	0	0	0	0	0	0	0	0	0	2	0	0	0	0	0	0	0	0	0	0	0	0	0	0.5	1	1	1	1
067_filt.comp	0	0	0.666666666666667	1	0.75	1	0.833333333333333	1	0.785714285714286	1	0.833333333333333	0.833333333333333	0.761904761904762	0.432432432432432	1.4142135623731	0.333333333333333	0.25	0.166666666666667	0.214285714285714	0.235702260395516	0.615485406941703	0	2	6	10	11	15	16	0	0	0	0	0	3	21	0	1	2	2	3	3	5	0	0	0	0	0	0	0	0	0.8	0.857142857142857	0.909090909090909	0.88	0.833333333333333	0.551724137931034
068_filt.comp	0	0	1	1	1	1	0.894736842105263	1	0.931034482758621	0.964285714285714	0.9	0.9	0.8	0.431372549019608	1.4142135623731	0	0	0.105263157894737	0.0776643597311703	0.141421356237309	0.602774566491038	0	7	12	17	27	36	44	0	0	0	0	1	4	58	0	0	0	2	2	4	11	0	0	0	0	0	0	0	0	1	1	0.944444444444444	0.947368421052632	0.9	0.560509554140127
069_filt.comp	0	0	1	1	1	1	0.8	1	0.793103448275862	0.958333333333333	0.840909090909091	0.840909090909091	0.78125	0.495049504950495	1.4142135623731	0	0	0.2	0.211050454219957	0.224988521286629	0.550296797147449	0	7	13	16	23	37	50	0	0	0	0	1	7	51	0	0	0	4	6	7	14	0	0	0	0	0	0	0	0	1	1	0.888888888888889	0.867924528301887	0.840909090909091	0.606060606060606
070_filt.comp	0	0	1	1	0.875	1	0.909090909090909	1	0.846153846153846	1	0.928571428571429	0.928571428571429	0.9375	0.6	1.4142135623731	0	0.125	0.0909090909090909	0.153846153846154	0.101015254455221	0.404853368517541	0	4	7	10	11	13	15	0	0	0	0	0	1	10	0	0	1	1	2	1	1	0	0	0	0	0	0	0	0	1	0.933333333333333	0.952380952380952	0.916666666666667	0.928571428571429	0.731707317073171
071_filt.comp	0	0	0.666666666666667	1	0.6	1	0.6	1	0.6	1	0.8	1	0.857142857142857	0.5	1.4142135623731	0.333333333333333	0.4	0.4	0.4	0.2	0.520007849234323	0	2	3	3	3	4	6	0	0	0	0	0	0	6	0	1	2	2	2	1	1	0	0	0	0	0	0	0	0	0.8	0.75	0.75	0.75	0.888888888888889	0.631578947368421
072_filt.comp	0	0	0.25	1	0.5	1	1	1	0.833333333333333	1	0.833333333333333	0.714285714285714	0.666666666666667	0.363636363636364	1.4142135623731	0.75	0.5	0	0.166666666666667	0.330772475939281	0.718379975219982	0	1	2	4	5	5	4	0	0	0	0	0	2	7	0	3	2	0	1	1	2	0	0	0	0	0	0	0	0	0.4	0.666666666666667	1	0.909090909090909	0.769230769230769	0.470588235294118
073_filt.comp	0	0	0.666666666666667	1	0.75	1	0.75	1	0.6	1	0.8	1	0.6	0.3	1.4142135623731	0.333333333333333	0.25	0.25	0.4	0.2	0.806225774829855	0	2	3	3	3	4	3	0	0	0	0	0	0	7	0	1	1	1	2	1	2	0	0	0	0	0	0	0	0	0.8	0.857142857142857	0.857142857142857	0.75	0.888888888888889	0.4
074_filt.comp	0	0	0.857142857142857	1	0.615384615384615	1	0.55	1	0.566666666666667	1	0.448979591836735	0.846153846153846	0.438356164383562	0.463768115942029	1.4142135623731	0.142857142857143	0.384615384615385	0.45	0.433333333333333	0.572094510780925	0.776523297503884	0	6	8	11	17	22	32	0	0	0	0	0	4	37	0	1	5	9	13	27	41	0	0	0	0	0	0	0	0	0.923076923076923	0.761904761904762	0.709677419354839	0.723404255319149	0.586666666666667	0.450704225352113
075_filt.comp	0	0	0.8	1	0.625	1	0.7	1	0.7	1	0.727272727272727	0.727272727272727	0.75	0.409090909090909	1.4142135623731	0.2	0.375	0.3	0.3	0.385694607919935	0.641617918795141	0	4	5	7	7	8	9	0	0	0	0	0	3	13	0	1	3	3	3	3	3	0	0	0	0	0	0	0	0	0.888888888888889	0.769230769230769	0.823529411764706	0.823529411764706	0.727272727272727	0.529411764705882
077_filt.comp	0	0	0.714285714285714	1	0.538461538461538	1	0.55	1	0.586206896551724	1	0.5	0.846153846153846	0.46969696969697	0.424657534246575	1.4142135623731	0.285714285714286	0.461538461538462	0.45	0.413793103448276	0.523133481105209	0.782457830715373	0	5	7	11	17	22	31	0	0	0	0	0	4	42	0	2	6	9	12	22	35	0	0	0	0	0	0	0	0	0.833333333333333	0.7	0.709677419354839	0.739130434782609	0.628571428571429	0.446043165467626
078_filt.comp	0	0	1	1	0.846153846153846	1	0.8	1	0.846153846153846	0.956521739130435	0.794117647058823	0.818181818181818	0.695652173913043	0.376470588235294	1.4142135623731	0	0.153846153846154	0.2	0.15987181809655	0.274673250412676	0.693841859921623	0	7	11	16	22	27	32	0	0	0	0	1	6	53	0	0	2	4	4	7	14	0	0	0	0	0	0	0	0	1	0.916666666666667	0.888888888888889	0.897959183673469	0.805970149253731	0.488549618320611
079_filt.comp	0	0	1	1	1	1	0.947368421052632	1	0.892857142857143	0.961538461538462	0.826086956521739	0.808510638297872	0.716417910447761	0.39344262295082	1.4142135623731	0	0	0.0526315789473685	0.113837084368685	0.258677255159706	0.669574979496393	0	7	13	18	25	38	48	0	0	0	0	1	9	74	0	0	0	1	3	8	19	0	0	0	0	0	0	0	0	1	1	0.972972972972973	0.925925925925926	0.817204301075269	0.507936507936508
080_filt.comp	0	0	0.5	1	0.727272727272727	1	0.75	1	0.636363636363636	1	0.724137931034483	1	0.6	0.67741935483871	1.4142135623731	0.5	0.272727272727273	0.25	0.363636363636364	0.275862068965517	0.513866006496513	0	3	8	12	14	21	21	0	0	0	0	0	0	10	0	3	3	4	8	8	14	0	0	0	0	0	0	0	0	0.666666666666667	0.842105263157895	0.857142857142857	0.777777777777778	0.84	0.636363636363636
081_filt.comp	0	0	0.666666666666667	1	0.818181818181818	1	0.823529411764706	1	0.8	0.941176470588235	0.75	0.72	0.653846153846154	0.314814814814815	1.4142135623731	0.333333333333333	0.181818181818182	0.176470588235294	0.208471119372581	0.375366487582469	0.767659575075018	0	4	9	14	16	18	17	0	0	0	0	1	7	37	0	2	2	3	4	6	9	0	0	0	0	0	0	0	0	0.8	0.9	0.903225806451613	0.864864864864865	0.73469387755102	0.425
082_filt.comp	0	0	1	1	1	1	0.941176470588235	1	0.958333333333333	0.958333333333333	0.909090909090909	0.789473684210526	0.822222222222222	0.425287356321839	1.4142135623731	0	0	0.0588235294117647	0.0589255650988789	0.229315922800416	0.601580884898403	0	6	11	16	23	30	37	0	0	0	0	1	8	50	0	0	0	1	1	3	8	0	0	0	0	0	0	0	0	1	1	0.96969696969697	0.958333333333333	0.845070422535211	0.560606060606061
083_filt.comp	0	0	0.75	1	0.833333333333333	1	0.714285714285714	1	0.888888888888889	1	0.9	0.9	0.7	0.411764705882353	1.4142135623731	0.25	0.166666666666667	0.285714285714286	0.111111111111111	0.141421356237309	0.660318681581609	0	3	5	5	8	9	7	0	0	0	0	0	1	10	0	1	1	2	1	1	3	0	0	0	0	0	0	0	0	0.857142857142857	0.909090909090909	0.833333333333333	0.941176470588235	0.9	0.518518518518518
084_filt.comp	0	0	1	1	1	1	0.941176470588235	1	0.904761904761905	1	0.888888888888889	0.857142857142857	0.777777777777778	0.417910447761194	1.4142135623731	0	0	0.0588235294117647	0.0952380952380952	0.180980226206212	0.623065777326083	0	6	12	16	19	24	28	0	0	0	0	0	4	39	0	0	0	1	2	3	8	0	0	0	0	0	0	0	0	1	1	0.96969696969697	0.95	0.872727272727273	0.543689320388349
085_filt.comp	0	0	1	1	0.909090909090909	1	0.823529411764706	1	0.791666666666667	1	0.787878787878788	0.838709677419355	0.75609756097561	0.430555555555556	1.4142135623731	0	0.0909090909090909	0.176470588235294	0.208333333333333	0.266476972344593	0.619479923056985	0	5	10	14	19	26	31	0	0	0	0	0	5	41	0	0	1	3	5	7	10	0	0	0	0	0	0	0	0	1	0.952380952380952	0.903225806451613	0.883720930232558	0.8125	0.548672566371681
086_filt.comp	0	0	0	0	1	1	1	1	1	1	1	1	1	1	1.4142135623731	1.4142135623731	0	0	0	0	0	0	0	1	1	1	1	1	0	0	0	0	0	0	0	0	0	0	0	0	0	0	0	0	0	0	0	0	0	0	0	1	1	1	1	1
087_filt.comp	0	0	0.8	1	0.777777777777778	1	0.7	1	0.769230769230769	1	0.625	1	0.523809523809524	0.55	1.4142135623731	0.2	0.222222222222222	0.3	0.230769230769231	0.375	0.655177357373187	0	4	7	7	10	10	11	0	0	0	0	0	0	9	0	1	2	3	3	6	10	0	0	0	0	0	0	0	0	0.888888888888889	0.875	0.823529411764706	0.869565217391304	0.769230769230769	0.536585365853659
088_filt.comp	0	0	1	1	0.833333333333333	1	0.789473684210526	1	0.769230769230769	0.909090909090909	0.815789473684211	0.775	0.767857142857143	0.41747572815534	1.4142135623731	0	0.166666666666667	0.210526315789474	0.248030039873681	0.290789473684211	0.627076417520704	0	6	10	15	20	31	43	0	0	0	0	2	9	60	0	0	2	4	6	7	13	0	0	0	0	0	0	0	0	1	0.909090909090909	0.882352941176471	0.833333333333333	0.794871794871795	0.540880503144654
089_filt.comp	0	0	1	1	1	1	0.857142857142857	0.923076923076923	0.789473684210526	0.882352941176471	0.80952380952381	0.894736842105263	0.727272727272727	0.571428571428571	1.4142135623731	0	0	0.162250802859708	0.241168323147374	0.217627000963332	0.507989797807999	0	5	10	12	15	17	16	0	0	0	1	2	2	12	0	0	0	2	4	4	6	0	0	0	0	0	0	0	0	1	1	0.888888888888889	0.833333333333333	0.85	0.64
090_filt.comp	0	0	1	1	1	1	0.833333333333333	1	0.8125	0.928571428571429	0.85	0.80952380952381	0.869565217391304	0.408163265306122	1.4142135623731	0	0	0.166666666666667	0.200644687984323	0.242448301991006	0.60603956392903	0	5	8	10	13	17	20	0	0	0	0	1	4	29	0	0	0	2	3	3	3	0	0	0	0	0	0	0	0	1	1	0.909090909090909	0.866666666666667	0.829268292682927	0.555555555555556
091_filt.comp	0	0	0.8	1	0.75	1	0.727272727272727	0.888888888888889	0.833333333333333	0.909090909090909	0.833333333333333	0.909090909090909	0.769230769230769	0.555555555555556	1.4142135623731	0.2	0.25	0.294492519941682	0.189847940699116	0.189847940699116	0.500784686334709	0	4	6	8	10	10	10	0	0	0	1	1	1	8	0	1	2	3	2	2	3	0	0	0	0	0	0	0	0	0.888888888888889	0.857142857142857	0.8	0.869565217391304	0.869565217391304	0.645161290322581
092_filt.comp	0	0	1	1	0.833333333333333	1	0.777777777777778	1	0.666666666666667	1	0.575	0.958333333333333	0.490909090909091	0.490909090909091	1.4142135623731	0	0.166666666666667	0.222222222222222	0.333333333333333	0.427037599177299	0.719963268117212	0	6	10	14	18	23	27	0	0	0	0	0	1	28	0	0	2	4	9	17	28	0	0	0	0	0	0	0	0	1	0.909090909090909	0.875	0.8	0.71875	0.490909090909091
093_filt.comp	0	0	0.6	1	0.857142857142857	1	0.875	1	0.909090909090909	1	0.833333333333333	1	0.846153846153846	0.5	1.4142135623731	0.4	0.142857142857143	0.125	0.0909090909090909	0.166666666666667	0.523133481105209	0	3	6	7	10	10	11	0	0	0	0	0	0	11	0	2	1	1	1	2	2	0	0	0	0	0	0	0	0	0.75	0.923076923076923	0.933333333333333	0.952380952380952	0.909090909090909	0.628571428571429
094_filt.comp	0	0	0.5	1	0.583333333333333	1	0.846153846153846	1	0.882352941176471	1	0.84	1	0.774193548387097	0.648648648648649	1.4142135623731	0.5	0.416666666666667	0.153846153846154	0.117647058823529	0.16	0.417655750213535	0	3	7	11	15	21	24	0	0	0	0	0	0	13	0	3	5	2	2	4	7	0	0	0	0	0	0	0	0	0.666666666666667	0.736842105263158	0.916666666666667	0.9375	0.91304347826087	0.705882352941177
095_filt.comp	0	0	0.857142857142857	1	1	1	0.866666666666667	1	0.882352941176471	1	0.80952380952381	0.772727272727273	0.739130434782609	0.5	1.4142135623731	0.142857142857143	0	0.133333333333333	0.117647058823529	0.296536796536797	0.563961816133602	0	6	11	13	15	17	17	0	0	0	0	0	5	17	0	1	0	2	2	4	6	0	0	0	0	0	0	0	0	0.923076923076923	1	0.928571428571429	0.9375	0.790697674418605	0.596491228070175
096_filt.comp	0	0	0.5	1	0.5	1	0.666666666666667	1	0.666666666666667	0.8	0.666666666666667	0.666666666666667	0.666666666666667	0.571428571428571	1.4142135623731	0.5	0.5	0.333333333333333	0.38873012632302	0.471404520791032	0.542940678618637	0	2	3	4	4	4	4	0	0	0	0	1	2	3	0	2	3	2	2	2	2	0	0	0	0	0	0	0	0	0.666666666666667	0.666666666666667	0.8	0.727272727272727	0.666666666666667	0.615384615384615
097_filt.comp	0	0	0.714285714285714	1	0.461538461538462	1	0.4	1	0.4	1	0.387755102040816	0.863636363636364	0.366197183098592	0.40625	1.4142135623731	0.285714285714286	0.538461538461538	0.6	0.6	0.627247045747818	0.868472839651397	0	5	6	8	12	19	26	0	0	0	0	0	3	38	0	2	7	12	18	30	45	0	0	0	0	0	0	0	0	0.833333333333333	0.631578947368421	0.571428571428571	0.571428571428571	0.535211267605634	0.385185185185185
098_filt.comp	0	0	1	1	1	1	1	1	0.961538461538462	1	1	0.853658536585366	0.813953488372093	0.402298850574713	1.4142135623731	0	0	0	0.0384615384615384	0.146341463414634	0.62598719516714	0	7	13	19	25	35	35	0	0	0	0	0	6	52	0	0	0	0	1	0	8	0	0	0	0	0	0	0	0	1	1	1	0.980392156862745	0.921052631578947	0.538461538461538
099_filt.comp	0	0	1	1	1	1	0.95	1	0.866666666666667	1	0.854166666666667	0.891304347826087	0.765625	0.426086956521739	1.4142135623731	0	0	0.05	0.133333333333333	0.181884869938715	0.619925658526472	0	7	13	19	26	41	49	0	0	0	0	0	5	66	0	0	0	1	4	7	15	0	0	0	0	0	0	0	0	1	1	0.974358974358974	0.928571428571429	0.872340425531915	0.547486033519553
100_filt.comp	0	0	1	1	1	1	0.9	1	0.857142857142857	0.96	0.837209302325581	0.765957446808511	0.745762711864407	0.396396396396396	1.4142135623731	0	0	0.1	0.148351485551396	0.285090736351982	0.654960998046294	0	7	13	18	24	36	44	0	0	0	0	1	11	67	0	0	0	2	4	7	15	0	0	0	0	0	0	0	0	1	1	0.947368421052632	0.90566037735849	0.8	0.517647058823529
