Filename	Kingdom_SSV	Kingdom_PPV	Phylum_SSV	Phylum_PPV	Class_SSV	Class_PPV	Order_SSV	Order_PPV	Family_SSV	Family_PPV	Genus_SSV	Genus_PPV	Species_SSV	Species_PPV	Kingdom_Dist	Phylum_Dist	Class_Dist	Order_Dist	Family_Dist	Genus_Dist	Species_Dist	Kingdom_TP	Phylum_TP	Class_TP	Order_TP	Family_TP	Genus_TP	Species_TP	Kingdom_FP	Phylum_FP	Class_FP	Order_FP	Family_FP	Genus_FP	Species_FP	Kingdom_FN	Phylum_FN	Class_FN	Order_FN	Family_FN	Genus_FN	Species_FN	Kingdom_TN	Phylum_TN	Class_TN	Order_TN	Family_TN	Genus_TN	Species_TN	Kingdom_F1	Phylum_F1	Class_F1	Order_F1	Family_F1	Genus_F1	Species_F1
001.comp	0	0	1	0.333333333333333	1	0.4	1	0.346938775510204	0.958333333333333	0.302631578947368	0.947368421052632	0.216867469879518	0.792452830188679	0.105527638190955	1.4142135623731	0.666666666666667	0.6	0.653061224489796	0.698612071032667	0.784899129083095	0.918235609055182	0	6	12	17	23	36	42	0	12	18	32	53	130	356	0	0	0	0	1	2	11	0	0	0	0	0	0	0	0	0.5	0.571428571428571	0.515151515151515	0.46	0.352941176470588	0.186252771618625
002.comp	0	0	1	0.388888888888889	1	0.40625	0.95	0.311475409836066	0.892857142857143	0.247524752475248	0.904761904761905	0.165217391304348	0.786885245901639	0.0744186046511628	1.4142135623731	0.611111111111111	0.59375	0.690337679154495	0.760064859057549	0.840197773482708	0.949799356617125	0	7	13	19	25	38	48	0	11	19	42	76	192	597	0	0	0	1	3	4	13	0	0	0	0	0	0	0	0	0.56	0.577777777777778	0.469135802469136	0.387596899224806	0.279411764705882	0.135977337110482
003.comp	0	0	1	0.666666666666667	1	0.692307692307692	1	0.5	1	0.4375	1	0.307692307692308	0.777777777777778	0.153846153846154	1.4142135623731	0.333333333333333	0.307692307692308	0.5	0.5625	0.692307692307692	0.874848013891744	0	6	9	11	14	16	14	0	3	4	11	18	36	77	0	0	0	0	0	0	4	0	0	0	0	0	0	0	0	0.8	0.818181818181818	0.666666666666667	0.608695652173913	0.470588235294118	0.256880733944954
004.comp	0	0	1	0.625	1	0.533333333333333	1	0.48	1	0.351351351351351	1	0.241379310344828	0.933333333333333	0.121739130434783	1.4142135623731	0.375	0.466666666666667	0.52	0.648648648648649	0.758620689655172	0.880787488247816	0	5	8	12	13	14	14	0	3	7	13	24	44	101	0	0	0	0	0	0	1	0	0	0	0	0	0	0	0	0.769230769230769	0.695652173913043	0.648648648648649	0.52	0.388888888888889	0.215384615384615
005.comp	0	0	1	0.545454545454545	1	0.526315789473684	0.928571428571429	0.448275862068966	0.944444444444444	0.386363636363636	0.894736842105263	0.26984126984127	0.8	0.0919540229885057	1.4142135623731	0.454545454545455	0.473684210526316	0.556328648545147	0.616146091872655	0.737707329255296	0.929810462603406	0	6	10	13	17	17	16	0	5	9	16	27	46	158	0	0	0	1	1	2	4	0	0	0	0	0	0	0	0	0.705882352941176	0.689655172413793	0.604651162790698	0.548387096774194	0.414634146341463	0.164948453608247
006.comp	0	0	1	0.4375	1	0.393939393939394	0.95	0.26027397260274	0.896551724137931	0.203125	0.866666666666667	0.142335766423358	0.714285714285714	0.0670640834575261	1.4142135623731	0.5625	0.606060606060606	0.7414139165196	0.803561641321831	0.867966425234517	0.975705937993702	0	7	13	19	26	39	45	0	9	20	54	102	235	626	0	0	0	1	3	6	18	0	0	0	0	0	0	0	0	0.608695652173913	0.565217391304348	0.408602150537634	0.331210191082803	0.244514106583072	0.122615803814714
007.comp	0	0	1	0.5	1	0.625	0.833333333333333	0.3125	0.833333333333333	0.277777777777778	0.857142857142857	0.285714285714286	0.571428571428571	0.0869565217391304	1.4142135623731	0.5	0.375	0.707413618597902	0.74120355911813	0.728431359084684	1.00862374678691	0	3	5	5	5	6	4	0	3	3	11	13	15	42	0	0	0	1	1	1	3	0	0	0	0	0	0	0	0	0.666666666666667	0.769230769230769	0.454545454545455	0.416666666666667	0.428571428571429	0.150943396226415
008.comp	0	0	1	0.545454545454545	1	0.6	0.947368421052632	0.529411764705882	0.862068965517241	0.490196078431373	0.906976744186046	0.314516129032258	0.8	0.173285198555957	1.4142135623731	0.454545454545455	0.4	0.473522301797629	0.528133514104374	0.691766914125812	0.850562968231432	0	6	12	18	25	39	48	0	5	8	16	26	85	229	0	0	0	1	4	4	12	0	0	0	0	0	0	0	0	0.705882352941176	0.75	0.679245283018868	0.625	0.467065868263473	0.28486646884273
009.comp	0	0	1	0.384615384615385	1	0.5	0.928571428571429	0.333333333333333	0.941176470588235	0.25	0.923076923076923	0.216216216216216	0.763157894736842	0.103942652329749	1.4142135623731	0.615384615384615	0.5	0.670482278110892	0.752303268378157	0.787549477484265	0.926829516760946	0	5	11	13	16	24	29	0	8	11	26	48	87	250	0	0	0	1	1	2	9	0	0	0	0	0	0	0	0	0.555555555555556	0.666666666666667	0.490566037735849	0.395061728395062	0.35036496350365	0.182965299684543
010.comp	0	0	1	0.857142857142857	1	0.6	1	0.466666666666667	1	0.4375	1	0.35	1	0.137254901960784	1.4142135623731	0.142857142857143	0.4	0.533333333333333	0.5625	0.65	0.862745098039216	0	6	6	7	7	7	7	0	1	4	8	9	13	44	0	0	0	0	0	0	0	0	0	0	0	0	0	0	0	0.923076923076923	0.75	0.636363636363636	0.608695652173913	0.518518518518518	0.241379310344828
011.comp	0	0	1	0.545454545454545	1	0.458333333333333	0.941176470588235	0.340425531914894	0.92	0.294871794871795	0.96551724137931	0.252252252252252	0.828571428571429	0.10431654676259	1.4142135623731	0.454545454545455	0.541666666666667	0.662192333512106	0.709651876392449	0.74854242024345	0.911941118442048	0	6	11	16	23	28	29	0	5	13	31	55	83	249	0	0	0	1	2	1	6	0	0	0	0	0	0	0	0	0.705882352941176	0.628571428571429	0.5	0.446601941747573	0.4	0.185303514376997
012.comp	0	0	1	0.333333333333333	1	0.25	1	0.333333333333333	1	0.25	1	0.25	1	0.25	1.4142135623731	0.666666666666667	0.75	0.666666666666667	0.75	0.75	0.75	0	1	1	1	1	1	1	0	2	3	2	3	3	3	0	0	0	0	0	0	0	0	0	0	0	0	0	0	0	0.5	0.4	0.5	0.4	0.4	0.4
013.comp	0	0	1	0.5	1	0.333333333333333	1	0.28125	1	0.2	0.923076923076923	0.137931034482759	0.733333333333333	0.0670731707317073	1.4142135623731	0.5	0.666666666666667	0.71875	0.8	0.865494113828211	0.970290461603999	0	5	7	9	10	12	11	0	5	14	23	40	75	153	0	0	0	0	0	1	4	0	0	0	0	0	0	0	0	0.666666666666667	0.5	0.439024390243902	0.333333333333333	0.24	0.122905027932961
014.comp	0	0	1	0.583333333333333	1	0.590909090909091	1	0.424242424242424	1	0.340425531914894	0.904761904761905	0.27536231884058	0.636363636363636	0.0809248554913295	1.4142135623731	0.416666666666667	0.409090909090909	0.575757575757576	0.659574468085106	0.730869388974995	0.988397959433502	0	7	13	14	16	19	14	0	5	9	19	31	50	159	0	0	0	0	0	2	8	0	0	0	0	0	0	0	0	0.736842105263158	0.742857142857143	0.595744680851064	0.507936507936508	0.422222222222222	0.143589743589744
015.comp	0	0	1	0.636363636363636	1	0.590909090909091	0.95	0.513513513513513	0.92	0.410714285714286	0.941176470588235	0.351648351648352	0.795454545454545	0.137795275590551	1.4142135623731	0.363636363636364	0.409090909090909	0.489049181099372	0.594691224974124	0.651014644637704	0.886135333777623	0	7	13	19	23	32	35	0	4	9	18	33	59	219	0	0	0	1	2	2	9	0	0	0	0	0	0	0	0	0.777777777777778	0.742857142857143	0.666666666666667	0.567901234567901	0.512	0.23489932885906
016.comp	0	0	1	0.384615384615385	1	0.333333333333333	0.888888888888889	0.170212765957447	0.9	0.134328358208955	0.909090909090909	0.0952380952380952	0.833333333333333	0.0588235294117647	1.4142135623731	0.615384615384615	0.666666666666667	0.837193246982043	0.871428362747738	0.909317638187178	0.955819505224028	0	5	8	8	9	10	10	0	8	16	39	58	95	160	0	0	0	1	1	1	2	0	0	0	0	0	0	0	0	0.555555555555556	0.5	0.285714285714286	0.233766233766234	0.172413793103448	0.10989010989011
017.comp	0	0	1	0.545454545454545	1	0.5	0.947368421052632	0.428571428571429	0.923076923076923	0.375	0.972222222222222	0.333333333333333	0.818181818181818	0.144	1.4142135623731	0.454545454545455	0.5	0.573847275280968	0.629715935770498	0.667245119414684	0.875096481103466	0	6	12	18	24	35	36	0	5	12	24	40	70	214	0	0	0	1	2	1	8	0	0	0	0	0	0	0	0	0.705882352941176	0.666666666666667	0.590163934426229	0.533333333333333	0.49645390070922	0.244897959183673
018.comp	0	0	1	0.571428571428571	1	0.470588235294118	1	0.44	0.857142857142857	0.375	0.928571428571429	0.333333333333333	0.764705882352941	0.111111111111111	1.4142135623731	0.428571428571429	0.529411764705882	0.56	0.641118681107723	0.670482278110892	0.919503550068966	0	4	8	11	12	13	13	0	3	9	14	20	26	104	0	0	0	0	2	1	4	0	0	0	0	0	0	0	0	0.727272727272727	0.64	0.611111111111111	0.521739130434783	0.490566037735849	0.194029850746269
020.comp	0	0	1	0.6	1	0.631578947368421	1	0.472222222222222	1	0.411764705882353	0.96551724137931	0.314606741573034	0.878787878787879	0.139423076923077	1.4142135623731	0.4	0.368421052631579	0.527777777777778	0.588235294117647	0.686260139698662	0.869071354297958	0	6	12	17	21	28	29	0	4	7	19	30	61	179	0	0	0	0	0	1	4	0	0	0	0	0	0	0	0	0.75	0.774193548387097	0.641509433962264	0.583333333333333	0.474576271186441	0.240663900414938
021.comp	0	0	0.666666666666667	0.666666666666667	0.8	0.615384615384615	0.785714285714286	0.578947368421053	0.8	0.48	0.777777777777778	0.378378378378378	0.75	0.154639175257732	1.4142135623731	0.471404520791032	0.433507778572473	0.472444373346213	0.557135531087365	0.660148586696114	0.881552564518377	0	4	8	11	12	14	15	0	2	5	8	13	23	82	0	2	2	3	3	4	5	0	0	0	0	0	0	0	0	0.666666666666667	0.695652173913043	0.666666666666667	0.6	0.509090909090909	0.256410256410256
022.comp	0	0	1	0.666666666666667	1	0.5	1	0.357142857142857	0.8	0.266666666666667	1	0.277777777777778	1	0.146341463414634	1.4142135623731	0.333333333333333	0.5	0.642857142857143	0.760116950066092	0.722222222222222	0.853658536585366	0	4	4	5	4	5	6	0	2	4	9	11	13	35	0	0	0	0	1	0	0	0	0	0	0	0	0	0	0	0.8	0.666666666666667	0.526315789473684	0.4	0.434782608695652	0.25531914893617
023.comp	0	0	1	0.636363636363636	1	0.619047619047619	1	0.513513513513513	0.956521739130435	0.360655737704918	0.882352941176471	0.319148936170213	0.8	0.158590308370044	1.4142135623731	0.363636363636364	0.380952380952381	0.486486486486487	0.640820914841178	0.690940664288895	0.864852744210723	0	7	13	19	22	30	36	0	4	8	18	39	64	191	0	0	0	0	1	4	9	0	0	0	0	0	0	0	0	0.777777777777778	0.764705882352941	0.678571428571428	0.523809523809524	0.46875	0.264705882352941
024.comp	0	0	1	0.5	1	0.571428571428571	1	0.416666666666667	1	0.384615384615385	1	0.238095238095238	1	0.161290322580645	1.4142135623731	0.5	0.428571428571429	0.583333333333333	0.615384615384615	0.761904761904762	0.838709677419355	0	3	4	5	5	5	5	0	3	3	7	8	16	26	0	0	0	0	0	0	0	0	0	0	0	0	0	0	0	0.666666666666667	0.727272727272727	0.588235294117647	0.555555555555556	0.384615384615385	0.277777777777778
025.comp	0	0	1	0.4	1	0.366666666666667	1	0.303571428571429	0.96	0.275862068965517	1	0.168316831683168	0.886363636363636	0.08125	1.4142135623731	0.6	0.633333333333333	0.696428571428571	0.725241851497072	0.831683168316832	0.925750930672228	0	6	11	17	24	34	39	0	9	19	39	63	168	441	0	0	0	0	1	0	5	0	0	0	0	0	0	0	0	0.571428571428571	0.536585365853658	0.465753424657534	0.428571428571429	0.288135593220339	0.148854961832061
026.comp	0	0	1	0.461538461538462	1	0.5	0.933333333333333	0.297872340425532	0.9	0.216867469879518	0.91304347826087	0.139072847682119	0.709677419354839	0.0537897310513447	1.4142135623731	0.538461538461538	0.5	0.705285541312144	0.789491329738907	0.865307458809378	0.989747985042835	0	6	12	14	18	21	22	0	7	12	33	65	130	387	0	0	0	1	2	2	9	0	0	0	0	0	0	0	0	0.631578947368421	0.666666666666667	0.451612903225806	0.349514563106796	0.241379310344828	0.1
027.comp	0	0	1	0.666666666666667	0.833333333333333	0.555555555555556	0.75	0.461538461538462	0.75	0.333333333333333	0.666666666666667	0.260869565217391	0.555555555555556	0.147058823529412	1.4142135623731	0.333333333333333	0.474666874739863	0.59366727078589	0.712000312109794	0.810817433663731	0.961789745587133	0	4	5	6	6	6	5	0	2	4	7	12	17	29	0	0	1	2	2	3	4	0	0	0	0	0	0	0	0	0.8	0.666666666666667	0.571428571428571	0.461538461538462	0.375	0.232558139534884
028.comp	0	0	1	0.625	1	0.4375	1	0.35	1	0.346153846153846	1	0.36	0.777777777777778	0.101449275362319	1.4142135623731	0.375	0.5625	0.65	0.653846153846154	0.64	0.925622018318646	0	5	7	7	9	9	7	0	3	9	13	17	16	62	0	0	0	0	0	0	2	0	0	0	0	0	0	0	0	0.769230769230769	0.608695652173913	0.518518518518518	0.514285714285714	0.529411764705882	0.179487179487179
029.comp	0	0	0.857142857142857	0.666666666666667	0.846153846153846	0.6875	0.736842105263158	0.583333333333333	0.571428571428571	0.484848484848485	0.431818181818182	0.404255319148936	0.327868852459016	0.188679245283019	1.4142135623731	0.362655862183996	0.348317224743845	0.492811514347461	0.67011532809708	0.823251057256978	1.05356615669321	0	6	11	14	16	19	20	0	3	5	10	17	28	86	0	1	2	5	12	25	41	0	0	0	0	0	0	0	0	0.75	0.758620689655172	0.651162790697674	0.524590163934426	0.417582417582418	0.239520958083832
030.comp	0	0	1	1	1	0.8125	0.95	0.655172413793103	0.931034482758621	0.613636363636364	0.916666666666667	0.488888888888889	0.768115942028985	0.262376237623762	1.4142135623731	0	0.1875	0.348433730010851	0.392470511086506	0.517860031616342	0.773213444763592	0	7	13	19	27	44	53	0	0	3	10	17	46	149	0	0	0	1	2	4	16	0	0	0	0	0	0	0	0	1	0.896551724137931	0.775510204081633	0.73972602739726	0.63768115942029	0.391143911439114
031.comp	0	0	1	0.636363636363636	1	0.571428571428571	0.941176470588235	0.444444444444444	0.91304347826087	0.344262295081967	0.931034482758621	0.28125	0.742857142857143	0.0988593155893536	1.4142135623731	0.363636363636364	0.428571428571429	0.558661062649885	0.661478173732238	0.722051109734187	0.937110976394835	0	7	12	16	21	27	26	0	4	9	20	40	69	237	0	0	0	1	2	2	9	0	0	0	0	0	0	0	0	0.777777777777778	0.727272727272727	0.60377358490566	0.5	0.432	0.174496644295302
032.comp	0	0	1	0.666666666666667	1	0.5	1	0.3	1	0.3	1	0.272727272727273	0.333333333333333	0.0212765957446809	1.4142135623731	0.333333333333333	0.5	0.7	0.7	0.727272727272727	1.18420604055273	0	2	2	3	3	3	1	0	1	2	7	7	8	46	0	0	0	0	0	0	2	0	0	0	0	0	0	0	0	0.8	0.666666666666667	0.461538461538461	0.461538461538461	0.428571428571429	0.04
033.comp	0	0	1	0.7	1	0.5	1	0.413793103448276	0.928571428571429	0.302325581395349	0.947368421052632	0.253521126760563	0.833333333333333	0.119760479041916	1.4142135623731	0.3	0.5	0.586206896551724	0.701321349448072	0.748332006061021	0.895879116864711	0	7	9	12	13	18	20	0	3	9	17	30	53	147	0	0	0	0	1	1	4	0	0	0	0	0	0	0	0	0.823529411764706	0.666666666666667	0.585365853658537	0.456140350877193	0.4	0.209424083769634
034.comp	0	0	1	0.6	1	0.6	0.75	0.333333333333333	0.75	0.333333333333333	0.75	0.3	0.75	0.272727272727273	1.4142135623731	0.4	0.4	0.712000312109794	0.712000312109794	0.743303437365925	0.769042014349483	0	3	3	3	3	3	3	0	2	2	6	6	7	8	0	0	0	1	1	1	1	0	0	0	0	0	0	0	0	0.75	0.75	0.461538461538462	0.461538461538462	0.428571428571429	0.4
035.comp	0	0	1	0.555555555555556	1	0.545454545454545	0.875	0.5	0.7	0.411764705882353	0.7	0.411764705882353	0.454545454545455	0.185185185185185	1.4142135623731	0.444444444444444	0.454545454545455	0.515388203202208	0.660318681581609	0.660318681581609	0.980532428631876	0	5	6	7	7	7	5	0	4	5	7	10	10	22	0	0	0	1	3	3	6	0	0	0	0	0	0	0	0	0.714285714285714	0.705882352941176	0.636363636363636	0.518518518518518	0.518518518518518	0.263157894736842
036.comp	0	0	1	0.3125	1	0.212121212121212	0.9	0.18	0.916666666666667	0.134146341463415	0.9375	0.116279069767442	0.75	0.0575079872204473	1.4142135623731	0.6875	0.787878787878788	0.826075057122535	0.869854586954414	0.885928288594002	0.975085224046213	0	5	7	9	11	15	18	0	11	26	41	71	114	295	0	0	0	1	1	1	6	0	0	0	0	0	0	0	0	0.476190476190476	0.35	0.3	0.234042553191489	0.206896551724138	0.106824925816024
037.comp	0	0	1	0.461538461538462	1	0.416666666666667	0.928571428571429	0.25	0.9375	0.182926829268293	0.952380952380952	0.150375939849624	0.84	0.0813953488372093	1.4142135623731	0.538461538461538	0.583333333333333	0.753393682490321	0.819460076104727	0.850957470901193	0.932434718968525	0	6	10	13	15	20	21	0	7	14	39	67	113	237	0	0	0	1	1	1	4	0	0	0	0	0	0	0	0	0.631578947368421	0.588235294117647	0.393939393939394	0.306122448979592	0.25974025974026	0.148409893992933
038.comp	0	0	1	0.411764705882353	1	0.419354838709677	0.95	0.283582089552239	0.931034482758621	0.232758620689655	0.891304347826087	0.172995780590717	0.797101449275362	0.0851393188854489	1.4142135623731	0.588235294117647	0.580645161290323	0.718160582606938	0.770334717310866	0.834116732671315	0.937090117190198	0	7	13	19	27	41	55	0	10	18	48	89	196	591	0	0	0	1	2	5	14	0	0	0	0	0	0	0	0	0.583333333333333	0.590909090909091	0.436781609195402	0.372413793103448	0.289752650176678	0.153846153846154
039.comp	0	0	0.857142857142857	0.6	0.923076923076923	0.6	0.944444444444444	0.472222222222222	0.888888888888889	0.413793103448276	0.82051282051282	0.326530612244898	0.672727272727273	0.158798283261803	1.4142135623731	0.424744821351957	0.40732930138073	0.530693699292856	0.596644118865802	0.696976802945044	0.902622715346683	0	6	12	17	24	32	37	0	4	8	19	34	66	196	0	1	1	1	3	7	18	0	0	0	0	0	0	0	0	0.705882352941176	0.727272727272727	0.62962962962963	0.564705882352941	0.467153284671533	0.256944444444444
040.comp	0	0	1	0.545454545454545	1	0.473684210526316	1	0.366666666666667	0.933333333333333	0.311111111111111	0.941176470588235	0.231884057971014	0.761904761904762	0.0919540229885057	1.4142135623731	0.454545454545455	0.526315789473684	0.633333333333333	0.692107177884331	0.770365048539673	0.938742157767716	0	6	9	11	14	16	16	0	5	10	19	31	53	158	0	0	0	0	1	1	5	0	0	0	0	0	0	0	0	0.705882352941176	0.642857142857143	0.536585365853658	0.466666666666667	0.372093023255814	0.164102564102564
041.comp	0	0	1	0.5	1	0.448275862068966	0.95	0.327586206896552	0.931034482758621	0.267326732673267	0.916666666666667	0.174603174603175	0.814285714285714	0.0863636363636364	1.4142135623731	0.5	0.551724137931034	0.674270204855418	0.735911923550367	0.829592890410472	0.932320331687047	0	7	13	19	27	44	57	0	7	16	39	74	208	603	0	0	0	1	2	4	13	0	0	0	0	0	0	0	0	0.666666666666667	0.619047619047619	0.487179487179487	0.415384615384615	0.293333333333333	0.156164383561644
043.comp	0	0	1	1	0.916666666666667	0.916666666666667	0.894736842105263	0.80952380952381	0.703703703703704	0.791666666666667	0.638888888888889	0.741935483870968	0.541666666666667	0.5	1.4142135623731	0	0.117851130197758	0.217627000963332	0.36220749989016	0.443845163376614	0.678284191504154	0	7	11	17	19	23	26	0	0	1	4	5	8	26	0	0	1	2	8	13	22	0	0	0	0	0	0	0	0	1	0.916666666666667	0.85	0.745098039215686	0.686567164179104	0.52
044.comp	0	0	0.857142857142857	0.545454545454545	0.909090909090909	0.555555555555556	0.933333333333333	0.4375	0.91304347826087	0.446808510638298	0.833333333333333	0.378787878787879	0.628571428571429	0.157142857142857	1.4142135623731	0.476465878645302	0.453646698442134	0.566436840649021	0.55998416100385	0.643181372023974	0.921068589703707	0	6	10	14	21	25	22	0	5	8	18	26	41	118	0	1	1	1	2	5	13	0	0	0	0	0	0	0	0	0.666666666666667	0.689655172413793	0.595744680851064	0.6	0.520833333333333	0.251428571428571
045.comp	0	0	1	0.545454545454545	1	0.461538461538462	0.947368421052632	0.36734693877551	0.925925925925926	0.308641975308642	0.883720930232558	0.207650273224044	0.796610169491525	0.0900383141762452	1.4142135623731	0.454545454545455	0.538461538461538	0.634838545599754	0.695314955077962	0.800836382532608	0.932414978870179	0	6	12	18	25	38	47	0	5	14	31	56	145	475	0	0	0	1	2	5	12	0	0	0	0	0	0	0	0	0.705882352941176	0.631578947368421	0.529411764705882	0.462962962962963	0.336283185840708	0.161790017211704
046.comp	0	0	1	0.466666666666667	1	0.464285714285714	0.95	0.345454545454545	0.827586206896552	0.269662921348315	0.853658536585366	0.209580838323353	0.666666666666667	0.0909090909090909	1.4142135623731	0.533333333333333	0.535714285714286	0.656452398933933	0.750412396290065	0.803852147512184	0.968275473252755	0	7	13	19	24	35	38	0	8	15	36	65	132	380	0	0	0	1	5	6	19	0	0	0	0	0	0	0	0	0.636363636363636	0.634146341463415	0.506666666666667	0.406779661016949	0.336538461538462	0.16
047.comp	0	0	1	0.428571428571429	1	0.413793103448276	1	0.288135593220339	1	0.258064516129032	0.970588235294118	0.168367346938776	0.775510204081633	0.0818965517241379	1.4142135623731	0.571428571428571	0.586206896551724	0.711864406779661	0.741935483870968	0.832152583088441	0.945150575415102	0	6	12	17	24	33	38	0	8	17	42	69	163	426	0	0	0	0	0	1	11	0	0	0	0	0	0	0	0	0.6	0.585365853658537	0.447368421052632	0.41025641025641	0.28695652173913	0.148148148148148
048.comp	0	0	1	0.636363636363636	1	0.631578947368421	1	0.4375	1	0.375	1	0.354838709677419	0.791666666666667	0.135714285714286	1.4142135623731	0.363636363636364	0.368421052631579	0.5625	0.625	0.645161290322581	0.889040254260821	0	7	12	14	18	22	19	0	4	7	18	30	40	121	0	0	0	0	0	0	5	0	0	0	0	0	0	0	0	0.777777777777778	0.774193548387097	0.608695652173913	0.545454545454546	0.523809523809524	0.231707317073171
049.comp	0	0	1	0.466666666666667	1	0.464285714285714	0.95	0.316666666666667	0.925925925925926	0.242718446601942	0.948717948717949	0.177884615384615	0.851851851851852	0.0833333333333333	1.4142135623731	0.533333333333333	0.535714285714286	0.685160159703149	0.760895735016899	0.823713271961182	0.928561065077307	0	7	13	19	25	37	46	0	8	15	41	78	171	506	0	0	0	1	2	2	8	0	0	0	0	0	0	0	0	0.636363636363636	0.634146341463415	0.475	0.384615384615385	0.299595141700405	0.151815181518152
050.comp	0	0	1	0.444444444444444	1	0.529411764705882	1	0.384615384615385	0.916666666666667	0.314285714285714	0.923076923076923	0.260869565217391	0.866666666666667	0.151162790697674	1.4142135623731	0.555555555555556	0.470588235294118	0.615384615384615	0.69075938363304	0.743122439026868	0.859245241868663	0	4	9	10	11	12	13	0	5	8	16	24	34	73	0	0	0	0	1	1	2	0	0	0	0	0	0	0	0	0.615384615384615	0.692307692307692	0.555555555555556	0.468085106382979	0.406779661016949	0.257425742574257
051.comp	0	0	1	0.545454545454545	1	0.526315789473684	0.928571428571429	0.351351351351351	0.888888888888889	0.258064516129032	0.92	0.181102362204724	0.8125	0.0860927152317881	1.4142135623731	0.454545454545455	0.473684210526316	0.65256962096779	0.750209264964911	0.822796050784569	0.932943071763977	0	6	10	13	16	23	26	0	5	9	24	46	104	276	0	0	0	1	2	2	6	0	0	0	0	0	0	0	0	0.705882352941176	0.689655172413793	0.509803921568628	0.4	0.302631578947368	0.155688622754491
052.comp	0	0	1	0.454545454545455	1	0.476190476190476	0.9375	0.394736842105263	0.944444444444444	0.261538461538462	0.956521739130435	0.186440677966102	0.766666666666667	0.0938775510204082	1.4142135623731	0.545454545454545	0.523809523809524	0.608481503666881	0.740548353276185	0.814720276927301	0.935682818581819	0	5	10	15	17	22	23	0	6	11	23	48	96	222	0	0	0	1	1	1	7	0	0	0	0	0	0	0	0	0.625	0.645161290322581	0.555555555555556	0.409638554216868	0.312056737588653	0.167272727272727
053.comp	0	0	1	0.411764705882353	1	0.40625	0.95	0.339285714285714	0.933333333333333	0.285714285714286	0.914893617021277	0.20873786407767	0.75	0.106471816283925	1.4142135623731	0.588235294117647	0.59375	0.662603476709064	0.717390079438723	0.795825900664265	0.927842990540397	0	7	13	19	28	43	51	0	10	19	37	70	163	428	0	0	0	1	2	4	17	0	0	0	0	0	0	0	0	0.583333333333333	0.577777777777778	0.5	0.4375	0.339920948616601	0.186471663619744
054.comp	0	0	1	0.411764705882353	1	0.361111111111111	0.947368421052632	0.230769230769231	0.928571428571429	0.192592592592593	0.954545454545455	0.151624548736462	0.80327868852459	0.0711175616835994	1.4142135623731	0.588235294117647	0.638888888888889	0.771029220868998	0.810560770302065	0.849592268096345	0.949485049172038	0	7	13	18	26	42	49	0	10	23	60	109	235	640	0	0	0	1	2	2	12	0	0	0	0	0	0	0	0	0.583333333333333	0.530612244897959	0.371134020618557	0.319018404907975	0.261682242990654	0.130666666666667
055.comp	0	0	1	0.416666666666667	1	0.458333333333333	0.941176470588235	0.333333333333333	0.904761904761905	0.256756756756757	0.896551724137931	0.191176470588235	0.71875	0.0723270440251572	1.4142135623731	0.583333333333333	0.541666666666667	0.669256790818667	0.749320234219866	0.815412194849291	0.969370246988787	0	5	11	16	19	26	23	0	7	13	32	55	110	295	0	0	0	1	2	3	9	0	0	0	0	0	0	0	0	0.588235294117647	0.628571428571429	0.492307692307692	0.4	0.315151515151515	0.131428571428571
056.comp	0	0	1	0.636363636363636	1	0.619047619047619	0.95	0.422222222222222	0.952380952380952	0.273972602739726	0.931034482758621	0.165644171779141	0.764705882352941	0.0706521739130435	1.4142135623731	0.363636363636364	0.380952380952381	0.579937203922827	0.72758735232869	0.837201224709141	0.95867132201389	0	7	13	19	20	27	26	0	4	8	26	53	136	342	0	0	0	1	1	2	8	0	0	0	0	0	0	0	0	0.777777777777778	0.764705882352941	0.584615384615385	0.425531914893617	0.28125	0.129353233830846
057.comp	0	0	0.857142857142857	0.6	0.923076923076923	0.5	0.944444444444444	0.361702127659574	0.909090909090909	0.253164556962025	0.875	0.159090909090909	0.612903225806452	0.0572289156626506	1.4142135623731	0.424744821351957	0.505882555306381	0.640711006294882	0.752348085521353	0.850148868830368	1.01914730537527	0	6	12	17	20	21	19	0	4	12	30	59	111	313	0	1	1	1	2	3	12	0	0	0	0	0	0	0	0	0.705882352941176	0.648648648648649	0.523076923076923	0.396039603960396	0.269230769230769	0.104683195592287
058.comp	0	0	1	0.545454545454545	1	0.347826086956522	1	0.297297297297297	1	0.254545454545455	0.956521739130435	0.203703703703704	0.823529411764706	0.0968858131487889	1.4142135623731	0.454545454545455	0.652173913043478	0.702702702702703	0.745454545454545	0.797482382666502	0.920194057253162	0	6	8	11	14	22	28	0	5	15	26	41	86	261	0	0	0	0	0	1	6	0	0	0	0	0	0	0	0	0.705882352941176	0.516129032258065	0.458333333333333	0.405797101449275	0.33587786259542	0.173374613003096
059.comp	0	0	1	0.555555555555556	1	0.5	1	0.380952380952381	1	0.275862068965517	1	0.195121951219512	0.875	0.102941176470588	1.4142135623731	0.444444444444444	0.5	0.619047619047619	0.724137931034483	0.804878048780488	0.905725970077027	0	5	7	8	8	8	7	0	4	7	13	21	33	61	0	0	0	0	0	0	1	0	0	0	0	0	0	0	0	0.714285714285714	0.666666666666667	0.551724137931034	0.432432432432432	0.326530612244898	0.184210526315789
060.comp	0	0	1	0.375	1	0.413793103448276	1	0.310344827586207	0.962962962962963	0.252427184466019	0.931818181818182	0.188940092165899	0.80952380952381	0.0890052356020942	1.4142135623731	0.625	0.586206896551724	0.689655172413793	0.748489717122343	0.813920717531161	0.930694708214631	0	6	12	18	26	41	51	0	10	17	40	77	176	522	0	0	0	0	1	3	12	0	0	0	0	0	0	0	0	0.545454545454546	0.585365853658537	0.473684210526316	0.4	0.314176245210728	0.160377358490566
061.comp	0	0	1	0.6	0.916666666666667	0.647058823529412	0.882352941176471	0.517241379310345	0.888888888888889	0.347826086956522	0.826086956521739	0.218390804597701	0.714285714285714	0.0858369098712446	1.4142135623731	0.4	0.362645720356503	0.496887025690957	0.661571229624436	0.800723848170704	0.957771793495183	0	6	11	15	16	19	20	0	4	6	14	30	68	213	0	0	1	2	2	4	8	0	0	0	0	0	0	0	0	0.75	0.758620689655172	0.652173913043478	0.5	0.345454545454546	0.153256704980843
063.comp	0	0	1	0.5	1	0.448275862068966	0.95	0.345454545454545	0.931034482758621	0.303370786516854	0.951219512195122	0.205263157894737	0.796610169491525	0.102173913043478	1.4142135623731	0.5	0.551724137931034	0.656452398933933	0.700034644604478	0.796232493804371	0.920575420904733	0	7	13	19	27	39	47	0	7	16	36	62	151	413	0	0	0	1	2	2	12	0	0	0	0	0	0	0	0	0.666666666666667	0.619047619047619	0.506666666666667	0.457627118644068	0.337662337662338	0.18111753371869
064.comp	0	0	1	0.263157894736842	1	0.34375	1	0.205882352941176	1	0.144144144144144	0.958333333333333	0.0954356846473029	0.785714285714286	0.0442655935613682	1.4142135623731	0.736842105263158	0.65625	0.794117647058824	0.855855855855856	0.905523446256697	0.979462415306245	0	5	11	14	16	23	22	0	14	21	54	95	218	475	0	0	0	0	0	1	6	0	0	0	0	0	0	0	0	0.416666666666667	0.511627906976744	0.341463414634146	0.251968503937008	0.173584905660377	0.0838095238095238
065.comp	0	0	1	1	1	0.888888888888889	0.909090909090909	0.714285714285714	0.916666666666667	0.578947368421053	0.875	0.56	0.666666666666667	0.206896551724138	1.4142135623731	0	0.111111111111111	0.299828477418576	0.429219947118026	0.457411193566576	0.860304708099505	0	5	8	10	11	14	12	0	0	1	4	8	11	46	0	0	0	1	1	2	6	0	0	0	0	0	0	0	0	1	0.941176470588235	0.8	0.709677419354839	0.682926829268293	0.315789473684211
066.comp	0	0	1	0.5	1	0.333333333333333	1	0.230769230769231	1	0.230769230769231	1	0.1875	1	0.157894736842105	1.4142135623731	0.5	0.666666666666667	0.769230769230769	0.769230769230769	0.8125	0.842105263157895	0	3	3	3	3	3	3	0	3	6	10	10	13	16	0	0	0	0	0	0	0	0	0	0	0	0	0	0	0	0.666666666666667	0.5	0.375	0.375	0.315789473684211	0.272727272727273
067.comp	0	0	1	0.428571428571429	1	0.615384615384615	1	0.5	0.857142857142857	0.363636363636364	0.833333333333333	0.272727272727273	0.761904761904762	0.10738255033557	1.4142135623731	0.571428571428571	0.384615384615385	0.5	0.652201533999466	0.74612559104516	0.923826419761342	0	3	8	12	12	15	16	0	4	5	12	21	40	133	0	0	0	0	2	3	5	0	0	0	0	0	0	0	0	0.6	0.761904761904762	0.666666666666667	0.51063829787234	0.410958904109589	0.188235294117647
068.comp	0	0	1	0.5	1	0.5	0.947368421052632	0.461538461538462	0.931034482758621	0.409090909090909	0.95	0.322033898305085	0.836363636363636	0.12707182320442	1.4142135623731	0.5	0.5	0.541027643937775	0.594919991500857	0.679807351422004	0.888133132670878	0	7	12	18	27	38	46	0	7	12	21	39	80	316	0	0	0	1	2	2	9	0	0	0	0	0	0	0	0	0.666666666666667	0.666666666666667	0.620689655172414	0.568421052631579	0.481012658227848	0.220623501199041
069.comp	0	0	1	0.368421052631579	1	0.419354838709677	0.95	0.339285714285714	0.931034482758621	0.287234042553192	0.931818181818182	0.216931216931217	0.828125	0.113490364025696	1.4142135623731	0.631578947368421	0.580645161290323	0.662603476709064	0.716094653424697	0.786031474781642	0.903017358803414	0	7	13	19	27	41	53	0	12	18	37	67	148	414	0	0	0	1	2	3	11	0	0	0	0	0	0	0	0	0.538461538461538	0.590909090909091	0.5	0.439024390243902	0.351931330472103	0.199623352165725
070.comp	0	0	1	0.444444444444444	1	0.533333333333333	1	0.407407407407407	0.923076923076923	0.324324324324324	0.928571428571429	0.254901960784314	0.9375	0.129310344827586	1.4142135623731	0.555555555555556	0.466666666666667	0.592592592592593	0.680040277088861	0.74851394700392	0.872929966047825	0	4	8	11	12	13	15	0	5	7	16	25	38	101	0	0	0	0	1	1	1	0	0	0	0	0	0	0	0	0.615384615384615	0.695652173913043	0.578947368421053	0.48	0.4	0.227272727272727
071.comp	0	0	1	0.375	1	0.357142857142857	1	0.294117647058824	0.8	0.181818181818182	1	0.192307692307692	0.857142857142857	0.105263157894737	1.4142135623731	0.625	0.642857142857143	0.705882352941176	0.842271623410943	0.807692307692308	0.906069633022653	0	3	5	5	4	5	6	0	5	9	12	18	21	51	0	0	0	0	1	0	1	0	0	0	0	0	0	0	0	0.545454545454546	0.526315789473684	0.454545454545455	0.296296296296296	0.32258064516129	0.1875
072.comp	0	0	1	0.285714285714286	1	0.19047619047619	1	0.121212121212121	1	0.13953488372093	1	0.075	0.833333333333333	0.0318471337579618	1.4142135623731	0.714285714285714	0.80952380952381	0.878787878787879	0.86046511627907	0.925	0.982393887496483	0	4	4	4	6	6	5	0	10	17	29	37	74	152	0	0	0	0	0	0	1	0	0	0	0	0	0	0	0	0.444444444444444	0.32	0.216216216216216	0.244897959183673	0.13953488372093	0.0613496932515337
073.comp	0	0	1	0.6	1	0.444444444444444	1	0.307692307692308	0.8	0.25	1	0.333333333333333	0.6	0.0769230769230769	1.4142135623731	0.4	0.555555555555556	0.692307692307692	0.776208734813001	0.666666666666667	1.00601739841673	0	3	4	4	4	5	3	0	2	5	9	12	10	36	0	0	0	0	1	0	2	0	0	0	0	0	0	0	0	0.75	0.615384615384615	0.470588235294118	0.380952380952381	0.5	0.136363636363636
074.comp	0	0	1	0.583333333333333	1	0.52	0.85	0.447368421052632	0.8	0.363636363636364	0.551020408163265	0.27	0.479452054794521	0.138888888888889	1.4142135623731	0.416666666666667	0.48	0.572626983340692	0.667052230103423	0.857019646149305	1.00622189845812	0	7	13	17	24	27	35	0	5	12	21	42	73	217	0	0	0	3	6	22	38	0	0	0	0	0	0	0	0	0.736842105263158	0.684210526315789	0.586206896551724	0.5	0.36241610738255	0.215384615384615
075.comp	0	0	1	0.384615384615385	1	0.347826086956522	0.9	0.195652173913043	0.9	0.140625	0.909090909090909	0.10752688172043	0.833333333333333	0.0595238095238095	1.4142135623731	0.615384615384615	0.652173913043478	0.810540205869402	0.865173618775446	0.897091260497825	0.955129961120677	0	5	8	9	9	10	10	0	8	15	37	55	83	158	0	0	0	1	1	1	2	0	0	0	0	0	0	0	0	0.555555555555556	0.516129032258065	0.321428571428571	0.243243243243243	0.192307692307692	0.111111111111111
076.comp	0	0	1	0.75	1	0.6875	1	0.541666666666667	0.941176470588235	0.41025641025641	1	0.311475409836066	0.952380952380952	0.129032258064516	1.4142135623731	0.25	0.3125	0.458333333333333	0.592669983427634	0.688524590163934	0.87226852584989	0	6	11	13	16	19	20	0	2	5	11	23	42	135	0	0	0	0	1	0	1	0	0	0	0	0	0	0	0	0.857142857142857	0.814814814814815	0.702702702702703	0.571428571428571	0.475	0.227272727272727
077.comp	0	0	1	0.466666666666667	1	0.565217391304348	0.9	0.418604651162791	0.793103448275862	0.319444444444444	0.636363636363636	0.213740458015267	0.515151515151515	0.106918238993711	1.4142135623731	0.533333333333333	0.434782608695652	0.5899326670473	0.711310092233247	0.866276787361129	1.01620523768674	0	7	13	18	23	28	34	0	8	10	25	49	103	284	0	0	0	2	6	16	32	0	0	0	0	0	0	0	0	0.636363636363636	0.722222222222222	0.571428571428571	0.455445544554455	0.32	0.177083333333333
078.comp	0	0	1	0.538461538461538	1	0.565217391304348	0.9	0.439024390243902	0.923076923076923	0.315789473684211	0.852941176470588	0.189542483660131	0.760869565217391	0.0923482849604222	1.4142135623731	0.461538461538462	0.434782608695652	0.569818949089292	0.688521026610403	0.823691497691729	0.938623993222849	0	7	13	18	24	29	35	0	6	10	23	52	124	344	0	0	0	2	2	5	11	0	0	0	0	0	0	0	0	0.7	0.722222222222222	0.590163934426229	0.470588235294118	0.310160427807487	0.164705882352941
079.comp	0	0	1	0.411764705882353	1	0.419354838709677	0.947368421052632	0.28125	0.928571428571429	0.230088495575221	0.934782608695652	0.194570135746606	0.776119402985075	0.0947176684881603	1.4142135623731	0.588235294117647	0.580645161290323	0.720674438011015	0.77321779949892	0.808065946788865	0.932554889251711	0	7	13	18	26	43	52	0	10	18	46	87	178	497	0	0	0	1	2	3	15	0	0	0	0	0	0	0	0	0.583333333333333	0.590909090909091	0.433734939759036	0.368794326241135	0.322097378277154	0.168831168831169
080.comp	0	0	1	0.6	1	0.611111111111111	1	0.5	0.909090909090909	0.37037037037037	0.896551724137931	0.276595744680851	0.742857142857143	0.126829268292683	1.4142135623731	0.4	0.388888888888889	0.5	0.636158732799811	0.730763479104345	0.910246986092172	0	6	11	16	20	26	26	0	4	7	16	34	68	179	0	0	0	0	2	3	9	0	0	0	0	0	0	0	0	0.75	0.758620689655172	0.666666666666667	0.526315789473684	0.422764227642276	0.216666666666667
081.comp	0	0	1	0.375	1	0.379310344827586	1	0.326923076923077	0.95	0.228915662650602	0.875	0.112903225806452	0.653846153846154	0.0391705069124424	1.4142135623731	0.625	0.620689655172414	0.673076923076923	0.772703730614496	0.895860305396215	1.0212814499412	0	6	11	17	19	21	17	0	10	18	35	64	165	417	0	0	0	0	1	3	9	0	0	0	0	0	0	0	0	0.545454545454546	0.55	0.492753623188406	0.368932038834952	0.2	0.0739130434782609
082.comp	0	0	1	0.5	1	0.458333333333333	1	0.404761904761905	0.958333333333333	0.328571428571429	0.939393939393939	0.19496855345912	0.844444444444444	0.0992167101827676	1.4142135623731	0.5	0.541666666666667	0.595238095238095	0.672720177816693	0.807309559278155	0.914116002528209	0	6	11	17	23	31	38	0	6	13	25	47	128	345	0	0	0	0	1	2	7	0	0	0	0	0	0	0	0	0.666666666666667	0.628571428571429	0.576271186440678	0.48936170212766	0.322916666666667	0.177570093457944
083.comp	0	0	1	0.8	1	0.545454545454545	0.857142857142857	0.333333333333333	0.888888888888889	0.32	0.9	0.219512195121951	0.7	0.0843373493975904	1.4142135623731	0.2	0.454545454545455	0.68180100301316	0.68901790906503	0.786867977213049	0.963554923036684	0	4	6	6	8	9	7	0	1	5	12	17	32	76	0	0	0	1	1	1	3	0	0	0	0	0	0	0	0	0.888888888888889	0.705882352941176	0.48	0.470588235294118	0.352941176470588	0.150537634408602
084.comp	0	0	1	0.428571428571429	1	0.6	1	0.435897435897436	0.952380952380952	0.3125	0.925925925925926	0.210084033613445	0.805555555555556	0.0950819672131148	1.4142135623731	0.571428571428571	0.4	0.564102564102564	0.689147171289374	0.793381498651397	0.925572951224373	0	6	12	17	20	25	29	0	8	8	22	44	94	276	0	0	0	0	1	2	7	0	0	0	0	0	0	0	0	0.6	0.75	0.607142857142857	0.470588235294118	0.342465753424658	0.170087976539589
085.comp	0	0	1	0.416666666666667	1	0.478260869565217	0.941176470588235	0.444444444444444	0.916666666666667	0.392857142857143	0.878787878787879	0.329545454545455	0.804878048780488	0.158653846153846	1.4142135623731	0.583333333333333	0.521739130434783	0.558661062649885	0.612835127439702	0.681323473725515	0.863675822539583	0	5	11	16	22	29	33	0	7	12	20	34	59	175	0	0	0	1	2	4	8	0	0	0	0	0	0	0	0	0.588235294117647	0.647058823529412	0.60377358490566	0.55	0.479338842975207	0.265060240963855
086.comp	0	0	1	0.5	1	0.5	1	0.5	1	0.5	1	0.5	1	0.5	1.4142135623731	0.5	0.5	0.5	0.5	0.5	0.5	0	1	1	1	1	1	1	0	1	1	1	1	1	1	0	0	0	0	0	0	0	0	0	0	0	0	0	0	0	0.666666666666667	0.666666666666667	0.666666666666667	0.666666666666667	0.666666666666667	0.666666666666667
087.comp	0	0	1	0.5	0.888888888888889	0.470588235294118	0.9	0.409090909090909	0.846153846153846	0.34375	0.6875	0.261904761904762	0.619047619047619	0.136842105263158	1.4142135623731	0.5	0.540945926707413	0.599310899049073	0.674042062154325	0.801524067323537	0.943486230848032	0	5	8	9	11	11	13	0	5	9	13	21	31	82	0	0	1	1	2	5	8	0	0	0	0	0	0	0	0	0.666666666666667	0.615384615384615	0.5625	0.488888888888889	0.379310344827586	0.224137931034483
088.comp	0	0	1	0.375	1	0.4	0.894736842105263	0.309090909090909	0.846153846153846	0.247191011235955	0.868421052631579	0.160975609756098	0.803571428571429	0.0790861159929701	1.4142135623731	0.625	0.6	0.698881752738472	0.768368409434692	0.849279074753837	0.941629739032483	0	6	12	17	22	33	45	0	10	18	38	67	172	524	0	0	0	2	4	5	11	0	0	0	0	0	0	0	0	0.545454545454546	0.571428571428571	0.459459459459459	0.382608695652174	0.271604938271605	0.144
089.comp	0	0	1	0.5	1	0.588235294117647	0.928571428571429	0.541666666666667	0.894736842105263	0.515151515151515	0.857142857142857	0.409090909090909	0.772727272727273	0.158878504672897	1.4142135623731	0.5	0.411764705882353	0.463865805229024	0.496143513179245	0.607932329280418	0.87128540815469	0	5	10	13	17	18	17	0	5	7	11	16	26	90	0	0	0	1	2	3	5	0	0	0	0	0	0	0	0	0.666666666666667	0.740740740740741	0.684210526315789	0.653846153846154	0.553846153846154	0.263565891472868
090.comp	0	0	1	0.454545454545455	1	0.333333333333333	1	0.27906976744186	0.9375	0.241935483870968	0.9	0.169811320754717	0.869565217391304	0.078740157480315	1.4142135623731	0.545454545454545	0.666666666666667	0.720930232558139	0.760636615351867	0.836189717197615	0.930447704040143	0	5	8	12	15	18	20	0	6	16	31	47	88	234	0	0	0	0	1	2	3	0	0	0	0	0	0	0	0	0.625	0.5	0.436363636363636	0.384615384615385	0.285714285714286	0.144404332129964
091.comp	0	0	1	0.625	1	0.615384615384615	0.909090909090909	0.357142857142857	0.916666666666667	0.282051282051282	0.916666666666667	0.186440677966102	0.769230769230769	0.1	1.4142135623731	0.375	0.384615384615385	0.649253239446956	0.722768846899652	0.817816125368472	0.929114867962957	0	5	8	10	11	11	10	0	3	5	18	28	48	90	0	0	0	1	1	1	3	0	0	0	0	0	0	0	0	0.769230769230769	0.761904761904762	0.512820512820513	0.431372549019608	0.309859154929577	0.176991150442478
092.comp	0	0	1	0.545454545454545	1	0.6	0.944444444444444	0.586206896551724	0.814814814814815	0.5	0.7	0.411764705882353	0.618181818181818	0.166666666666667	1.4142135623731	0.454545454545455	0.4	0.417505870874221	0.533191853662517	0.660318681581609	0.916640370271453	0	6	12	17	22	28	34	0	5	8	12	22	40	170	0	0	0	1	5	12	21	0	0	0	0	0	0	0	0	0.705882352941176	0.75	0.723404255319149	0.619718309859155	0.518518518518518	0.262548262548263
093.comp	0	0	1	0.714285714285714	1	0.7	1	0.615384615384615	0.909090909090909	0.454545454545455	0.916666666666667	0.305555555555556	0.923076923076923	0.142857142857143	1.4142135623731	0.285714285714286	0.3	0.384615384615385	0.552978411845293	0.699426572889676	0.860587611643541	0	5	7	8	10	11	12	0	2	3	5	12	25	72	0	0	0	0	1	1	1	0	0	0	0	0	0	0	0	0.833333333333333	0.823529411764706	0.761904761904762	0.606060606060606	0.458333333333333	0.247422680412371
094.comp	0	0	1	0.666666666666667	1	0.631578947368421	1	0.40625	1	0.326923076923077	0.96	0.266666666666667	0.838709677419355	0.119815668202765	1.4142135623731	0.333333333333333	0.368421052631579	0.59375	0.673076923076923	0.734423432209089	0.894840223782723	0	6	12	13	17	24	26	0	3	7	19	35	66	191	0	0	0	0	0	1	5	0	0	0	0	0	0	0	0	0.8	0.774193548387097	0.577777777777778	0.492753623188406	0.417391304347826	0.209677419354839
095.comp	0	0	1	0.583333333333333	1	0.5	0.933333333333333	0.388888888888889	0.941176470588235	0.296296296296296	0.857142857142857	0.176470588235294	0.739130434782609	0.0862944162436548	1.4142135623731	0.416666666666667	0.5	0.61473671971658	0.706157992391764	0.83582824509993	0.950216198474976	0	7	11	14	16	18	17	0	5	11	22	38	84	180	0	0	0	1	1	3	6	0	0	0	0	0	0	0	0	0.736842105263158	0.666666666666667	0.549019607843137	0.450704225352113	0.292682926829268	0.154545454545455
096.comp	0	0	1	0.4	1	0.333333333333333	1	0.193548387096774	1	0.115384615384615	0.833333333333333	0.0476190476190476	0.833333333333333	0.0279329608938547	1.4142135623731	0.6	0.666666666666667	0.806451612903226	0.884615384615385	0.966854309726045	0.986251543113807	0	4	6	6	6	5	5	0	6	12	25	46	100	174	0	0	0	0	0	1	1	0	0	0	0	0	0	0	0	0.571428571428571	0.5	0.324324324324324	0.206896551724138	0.0900900900900901	0.054054054054054
097.comp	0	0	1	0.466666666666667	1	0.5	0.8	0.347826086956522	0.766666666666667	0.323943661971831	0.571428571428571	0.222222222222222	0.450704225352113	0.111888111888112	1.4142135623731	0.533333333333333	0.5	0.682151605476702	0.715189916478485	0.888038141631706	1.04425503295492	0	7	13	16	23	28	32	0	8	13	30	48	98	254	0	0	0	4	7	21	39	0	0	0	0	0	0	0	0	0.636363636363636	0.666666666666667	0.484848484848485	0.455445544554455	0.32	0.179271708683473
098.comp	0	0	1	0.538461538461538	1	0.52	1	0.395833333333333	0.961538461538462	0.304878048780488	1	0.227272727272727	0.813953488372093	0.087719298245614	1.4142135623731	0.461538461538462	0.48	0.604166666666667	0.696185188730736	0.772727272727273	0.931058206173163	0	7	13	19	25	35	35	0	6	12	29	57	119	364	0	0	0	0	1	0	8	0	0	0	0	0	0	0	0	0.7	0.684210526315789	0.567164179104478	0.462962962962963	0.37037037037037	0.158371040723982
099.comp	0	0	1	0.388888888888889	1	0.382352941176471	0.95	0.306451612903226	0.933333333333333	0.25	0.9375	0.18595041322314	0.8125	0.0771513353115727	1.4142135623731	0.611111111111111	0.617647058823529	0.695348376890704	0.752957133205101	0.816445331747065	0.941703726188451	0	7	13	19	28	45	52	0	11	21	43	84	197	622	0	0	0	1	2	3	12	0	0	0	0	0	0	0	0	0.56	0.553191489361702	0.463414634146341	0.394366197183099	0.310344827586207	0.140921409214092
100.comp	0	0	1	0.4375	1	0.419354838709677	0.95	0.296875	0.964285714285714	0.228813559322034	0.930232558139535	0.15625	0.779661016949153	0.0704441041347626	1.4142135623731	0.5625	0.580645161290323	0.704900535980077	0.77201297689199	0.846629528450168	0.955313263275302	0	7	13	19	27	40	46	0	9	18	45	91	216	607	0	0	0	1	1	3	13	0	0	0	0	0	0	0	0	0.608695652173913	0.590909090909091	0.452380952380952	0.36986301369863	0.267558528428094	0.129213483146067
