Filename	Kingdom_SSV	Kingdom_PPV	Phylum_SSV	Phylum_PPV	Class_SSV	Class_PPV	Order_SSV	Order_PPV	Family_SSV	Family_PPV	Genus_SSV	Genus_PPV	Species_SSV	Species_PPV	Kingdom_Dist	Phylum_Dist	Class_Dist	Order_Dist	Family_Dist	Genus_Dist	Species_Dist	Kingdom_TP	Phylum_TP	Class_TP	Order_TP	Family_TP	Genus_TP	Species_TP	Kingdom_FP	Phylum_FP	Class_FP	Order_FP	Family_FP	Genus_FP	Species_FP	Kingdom_FN	Phylum_FN	Class_FN	Order_FN	Family_FN	Genus_FN	Species_FN	Kingdom_TN	Phylum_TN	Class_TN	Order_TN	Family_TN	Genus_TN	Species_TN	Kingdom_F1	Phylum_F1	Class_F1	Order_F1	Family_F1	Genus_F1	Species_F1
001_filt.comp	0	0	0.333333333333333	1	0.5	1	0.647058823529412	1	0.75	1	0.710526315789474	1	0.679245283018868	0.837209302325581	1.4142135623731	0.666666666666667	0.5	0.352941176470588	0.25	0.289473684210526	0.359700430518188	0	2	6	11	18	27	36	0	0	0	0	0	0	7	0	4	6	6	6	11	17	0	0	0	0	0	0	0	0	0.5	0.666666666666667	0.785714285714286	0.857142857142857	0.830769230769231	0.75
002_filt.comp	0	0	0.428571428571429	1	0.538461538461538	1	0.6	1	0.642857142857143	1	0.666666666666667	1	0.590163934426229	0.818181818181818	1.4142135623731	0.571428571428571	0.461538461538462	0.4	0.357142857142857	0.333333333333333	0.448356389365265	0	3	7	12	18	28	36	0	0	0	0	0	0	8	0	4	6	8	10	14	25	0	0	0	0	0	0	0	0	0.6	0.7	0.75	0.782608695652174	0.8	0.685714285714286
003_filt.comp	0	0	0.333333333333333	1	0.333333333333333	1	0.636363636363636	1	0.785714285714286	1	0.8125	1	0.666666666666667	0.75	1.4142135623731	0.666666666666667	0.666666666666667	0.363636363636364	0.214285714285714	0.1875	0.416666666666667	0	2	3	7	11	13	12	0	0	0	0	0	0	4	0	4	6	4	3	3	6	0	0	0	0	0	0	0	0	0.5	0.5	0.777777777777778	0.88	0.896551724137931	0.705882352941177
004_filt.comp	0	0	0.4	1	0.5	1	0.5	1	0.769230769230769	1	0.714285714285714	1	0.8	1	1.4142135623731	0.6	0.5	0.5	0.230769230769231	0.285714285714286	0.2	0	2	4	6	10	10	12	0	0	0	0	0	0	0	0	3	4	6	3	4	3	0	0	0	0	0	0	0	0	0.571428571428571	0.666666666666667	0.666666666666667	0.869565217391304	0.833333333333333	0.888888888888889
005_filt.comp	0	0	0.333333333333333	1	0.4	1	0.428571428571429	0.857142857142857	0.777777777777778	0.933333333333333	0.894736842105263	0.944444444444444	0.8	0.842105263157895	1.4142135623731	0.666666666666667	0.6	0.589015089373952	0.232006811309123	0.119024166298524	0.254815124987583	0	2	4	6	14	17	16	0	0	0	1	1	1	3	0	4	6	8	4	2	4	0	0	0	0	0	0	0	0	0.5	0.571428571428571	0.571428571428571	0.848484848484849	0.918918918918919	0.82051282051282
006_filt.comp	0	0	0.428571428571429	1	0.615384615384615	1	0.6	1	0.551724137931034	1	0.644444444444444	1	0.555555555555556	0.833333333333333	1.4142135623731	0.571428571428571	0.384615384615385	0.4	0.448275862068966	0.355555555555556	0.474666874739863	0	3	8	12	16	29	35	0	0	0	0	0	0	7	0	4	5	8	13	16	28	0	0	0	0	0	0	0	0	0.6	0.761904761904762	0.75	0.711111111111111	0.783783783783784	0.666666666666667
007_filt.comp	0	0	0	0	0.2	1	0.333333333333333	0.666666666666667	0.666666666666667	0.8	0.857142857142857	0.857142857142857	0.571428571428571	0.571428571428571	1.4142135623731	1.4142135623731	0.8	0.74535599249993	0.38873012632302	0.202030508910442	0.606091526731326	0	0	1	2	4	6	4	0	0	0	1	1	1	3	0	0	4	4	2	1	3	0	0	0	0	0	0	0	0	0	0.333333333333333	0.444444444444444	0.727272727272727	0.857142857142857	0.571428571428571
008_filt.comp	0	0	0.166666666666667	1	0.0833333333333333	1	0.105263157894737	1	0.103448275862069	1	0.209302325581395	1	0.35	0.875	1.4142135623731	0.833333333333333	0.916666666666667	0.894736842105263	0.896551724137931	0.790697674418605	0.661910114743686	0	1	1	2	3	9	21	0	0	0	0	0	0	3	0	5	11	17	26	34	39	0	0	0	0	0	0	0	0	0.285714285714286	0.153846153846154	0.19047619047619	0.1875	0.346153846153846	0.5
009_filt.comp	0	0	0.2	1	0.545454545454545	1	0.714285714285714	0.909090909090909	0.882352941176471	0.9375	0.807692307692308	0.954545454545455	0.684210526315789	0.8125	1.4142135623731	0.8	0.454545454545455	0.299828477418576	0.133218168617599	0.197606589523703	0.367259093406481	0	1	6	10	15	21	26	0	0	0	1	1	1	6	0	4	5	4	2	5	12	0	0	0	0	0	0	0	0	0.333333333333333	0.705882352941176	0.8	0.909090909090909	0.875	0.742857142857143
010_filt.comp	0	0	0.333333333333333	1	0.333333333333333	1	0.428571428571429	1	0.857142857142857	1	0.857142857142857	1	0.857142857142857	1	1.4142135623731	0.666666666666667	0.666666666666667	0.571428571428571	0.142857142857143	0.142857142857143	0.142857142857143	0	2	2	3	6	6	6	0	0	0	0	0	0	0	0	4	4	4	1	1	1	0	0	0	0	0	0	0	0	0.5	0.5	0.6	0.923076923076923	0.923076923076923	0.923076923076923
011_filt.comp	0	0	0.333333333333333	1	0.454545454545455	1	0.529411764705882	1	0.68	1	0.758620689655172	1	0.714285714285714	0.862068965517241	1.4142135623731	0.666666666666667	0.545454545454545	0.470588235294118	0.32	0.241379310344828	0.317265855923244	0	2	5	9	17	22	25	0	0	0	0	0	0	4	0	4	6	8	8	7	10	0	0	0	0	0	0	0	0	0.5	0.625	0.692307692307692	0.80952380952381	0.862745098039216	0.78125
012_filt.comp	0	0	0	0	1	1	1	1	1	1	1	1	1	1	1.4142135623731	1.4142135623731	0	0	0	0	0	0	0	1	1	1	1	1	0	0	0	0	0	0	0	0	0	0	0	0	0	0	0	0	0	0	0	0	0	0	0	1	1	1	1	1
013_filt.comp	0	0	0.2	1	0.285714285714286	1	0.333333333333333	1	0.8	1	0.615384615384615	1	0.466666666666667	0.875	1.4142135623731	0.8	0.714285714285714	0.666666666666667	0.2	0.384615384615385	0.547785947651493	0	1	2	3	8	8	7	0	0	0	0	0	0	1	0	4	5	6	2	5	8	0	0	0	0	0	0	0	0	0.333333333333333	0.444444444444444	0.5	0.888888888888889	0.761904761904762	0.608695652173913
014_filt.comp	0	0	0.285714285714286	1	0.384615384615385	1	0.571428571428571	1	0.625	1	0.714285714285714	1	0.545454545454545	0.666666666666667	1.4142135623731	0.714285714285714	0.615384615384615	0.428571428571429	0.375	0.285714285714286	0.56366894659813	0	2	5	8	10	15	12	0	0	0	0	0	0	6	0	5	8	6	6	6	10	0	0	0	0	0	0	0	0	0.444444444444444	0.555555555555556	0.727272727272727	0.769230769230769	0.833333333333333	0.6
015_filt.comp	0	0	0.285714285714286	1	0.461538461538462	1	0.5	1	0.64	1	0.735294117647059	1	0.659090909090909	0.805555555555556	1.4142135623731	0.714285714285714	0.538461538461538	0.5	0.36	0.264705882352941	0.392463565493373	0	2	6	10	16	25	29	0	0	0	0	0	0	7	0	5	7	10	9	9	15	0	0	0	0	0	0	0	0	0.444444444444444	0.631578947368421	0.666666666666667	0.780487804878049	0.847457627118644	0.725
016_filt.comp	0	0	0.2	1	0.375	1	0.444444444444444	1	0.5	1	0.818181818181818	0.9	0.833333333333333	0.909090909090909	1.4142135623731	0.8	0.625	0.555555555555556	0.5	0.20750385837297	0.189847940699116	0	1	3	4	5	9	10	0	0	0	0	0	1	1	0	4	5	5	5	2	2	0	0	0	0	0	0	0	0	0.333333333333333	0.545454545454546	0.615384615384615	0.666666666666667	0.857142857142857	0.869565217391304
017_filt.comp	0	0	0.5	1	0.5	1	0.526315789473684	1	0.807692307692308	1	0.861111111111111	1	0.772727272727273	0.871794871794872	1.4142135623731	0.5	0.5	0.473684210526316	0.192307692307692	0.138888888888889	0.260939547520258	0	3	6	10	21	31	34	0	0	0	0	0	0	5	0	3	6	9	5	5	10	0	0	0	0	0	0	0	0	0.666666666666667	0.666666666666667	0.689655172413793	0.893617021276596	0.925373134328358	0.819277108433735
018_filt.comp	0	0	0	0	0.125	1	0.363636363636364	1	0.571428571428571	1	0.571428571428571	1	0.705882352941177	0.857142857142857	1.4142135623731	1.4142135623731	0.875	0.636363636363636	0.428571428571429	0.428571428571429	0.326976074930147	0	0	1	4	8	8	12	0	0	0	0	0	0	2	0	0	7	7	6	6	5	0	0	0	0	0	0	0	0	0	0.222222222222222	0.533333333333333	0.727272727272727	0.727272727272727	0.774193548387097
019_filt.comp	0	0	0.2	1	0.375	1	0.3	1	0.642857142857143	1	0.642857142857143	1	0.625	0.909090909090909	1.4142135623731	0.8	0.625	0.7	0.357142857142857	0.357142857142857	0.385861973780674	0	1	3	3	9	9	10	0	0	0	0	0	0	1	0	4	5	7	5	5	6	0	0	0	0	0	0	0	0	0.333333333333333	0.545454545454546	0.461538461538461	0.782608695652174	0.782608695652174	0.740740740740741
020_filt.comp	0	0	0.333333333333333	1	0.5	1	0.705882352941177	1	0.904761904761905	1	0.827586206896552	1	0.696969696969697	0.884615384615385	1.4142135623731	0.666666666666667	0.5	0.294117647058823	0.0952380952380952	0.172413793103448	0.324254489594351	0	2	6	12	19	24	23	0	0	0	0	0	0	3	0	4	6	5	2	5	10	0	0	0	0	0	0	0	0	0.5	0.666666666666667	0.827586206896552	0.95	0.905660377358491	0.779661016949153
021_filt.comp	0	0	0	0	0.2	1	0.214285714285714	1	0.533333333333333	1	0.611111111111111	1	0.55	0.916666666666667	1.4142135623731	1.4142135623731	0.8	0.785714285714286	0.466666666666667	0.388888888888889	0.457651007258199	0	0	2	3	8	11	11	0	0	0	0	0	0	1	0	0	8	11	7	7	9	0	0	0	0	0	0	0	0	0	0.333333333333333	0.352941176470588	0.695652173913043	0.758620689655172	0.6875
022_filt.comp	0	0	0	0	0	0	0.2	1	0.6	1	0.8	1	1	1	1.4142135623731	1.4142135623731	1.4142135623731	0.8	0.4	0.2	0	0	0	0	1	3	4	6	0	0	0	0	0	0	0	0	0	0	4	2	1	0	0	0	0	0	0	0	0	0	0	0	0.333333333333333	0.75	0.888888888888889	1
023_filt.comp	0	0	0.285714285714286	1	0.461538461538462	1	0.526315789473684	1	0.695652173913043	1	0.647058823529412	1	0.666666666666667	0.967741935483871	1.4142135623731	0.714285714285714	0.538461538461538	0.473684210526316	0.304347826086957	0.352941176470588	0.334890569944031	0	2	6	10	16	22	30	0	0	0	0	0	0	1	0	5	7	9	7	12	15	0	0	0	0	0	0	0	0	0.444444444444444	0.631578947368421	0.689655172413793	0.82051282051282	0.785714285714286	0.789473684210526
024_filt.comp	0	0	0	0	0	0	0.2	1	0.4	1	0.6	1	0.6	1	1.4142135623731	1.4142135623731	1.4142135623731	0.8	0.6	0.4	0.4	0	0	0	1	2	3	3	0	0	0	0	0	0	0	0	0	0	4	3	2	2	0	0	0	0	0	0	0	0	0	0	0.333333333333333	0.571428571428571	0.75	0.75
025_filt.comp	0	0	0.333333333333333	1	0.545454545454545	1	0.588235294117647	1	0.8	1	0.882352941176471	1	0.75	0.916666666666667	1.4142135623731	0.666666666666667	0.454545454545455	0.411764705882353	0.2	0.117647058823529	0.263523138347365	0	2	6	10	20	30	33	0	0	0	0	0	0	3	0	4	5	7	5	4	11	0	0	0	0	0	0	0	0	0.5	0.705882352941176	0.740740740740741	0.888888888888889	0.9375	0.825
026_filt.comp	0	0	0.333333333333333	1	0.416666666666667	1	0.666666666666667	0.909090909090909	0.75	0.9375	0.869565217391304	0.952380952380952	0.67741935483871	0.7	1.4142135623731	0.666666666666667	0.583333333333333	0.345507704575496	0.257694101601104	0.13885534275037	0.440520456542797	0	2	5	10	15	20	21	0	0	0	1	1	1	9	0	4	7	5	5	3	10	0	0	0	0	0	0	0	0	0.5	0.588235294117647	0.769230769230769	0.833333333333333	0.909090909090909	0.688524590163934
027_filt.comp	0	0	0	0	0.166666666666667	1	0.25	1	0.625	1	0.555555555555556	1	0.444444444444444	0.8	1.4142135623731	1.4142135623731	0.833333333333333	0.75	0.375	0.444444444444444	0.590459122470508	0	0	1	2	5	5	4	0	0	0	0	0	0	1	0	0	5	6	3	4	5	0	0	0	0	0	0	0	0	0	0.285714285714286	0.4	0.769230769230769	0.714285714285714	0.571428571428571
028_filt.comp	0	0	0.2	1	0.428571428571429	1	0.571428571428571	1	0.888888888888889	1	0.888888888888889	1	0.777777777777778	0.777777777777778	1.4142135623731	0.8	0.571428571428571	0.428571428571429	0.111111111111111	0.111111111111111	0.314269680527354	0	1	3	4	8	8	7	0	0	0	0	0	0	2	0	4	4	3	1	1	2	0	0	0	0	0	0	0	0	0.333333333333333	0.6	0.727272727272727	0.941176470588235	0.941176470588235	0.777777777777778
029_filt.comp	0	0	0.142857142857143	1	0.153846153846154	1	0.263157894736842	1	0.285714285714286	1	0.227272727272727	1	0.163934426229508	0.769230769230769	1.4142135623731	0.857142857142857	0.846153846153846	0.736842105263158	0.714285714285714	0.772727272727273	0.86732928090432	0	1	2	5	8	10	10	0	0	0	0	0	0	3	0	6	11	14	20	34	51	0	0	0	0	0	0	0	0	0.25	0.266666666666667	0.416666666666667	0.444444444444444	0.37037037037037	0.27027027027027
030_filt.comp	0	0	0	0	0	0	0	0	0	0	0.125	1	0.231884057971014	0.8	1.4142135623731	1.4142135623731	1.4142135623731	1.4142135623731	1.4142135623731	0.875	0.793726716445324	0	0	0	0	0	6	16	0	0	0	0	0	0	4	0	0	0	0	0	42	53	0	0	0	0	0	0	0	0	0	0	0	0	0.222222222222222	0.359550561797753
031_filt.comp	0	0	0.428571428571429	1	0.666666666666667	1	0.705882352941177	1	0.826086956521739	1	0.827586206896552	1	0.714285714285714	0.833333333333333	1.4142135623731	0.571428571428571	0.333333333333333	0.294117647058823	0.173913043478261	0.172413793103448	0.330772475939281	0	3	8	12	19	24	25	0	0	0	0	0	0	5	0	4	4	5	4	5	10	0	0	0	0	0	0	0	0	0.6	0.8	0.827586206896552	0.904761904761905	0.905660377358491	0.769230769230769
032_filt.comp	0	0	0	0	0	0	0.666666666666667	1	0.666666666666667	1	0.666666666666667	1	0.333333333333333	0.25	1.4142135623731	1.4142135623731	1.4142135623731	0.333333333333333	0.333333333333333	0.333333333333333	1.00346621489936	0	0	0	2	2	2	1	0	0	0	0	0	0	3	0	0	0	1	1	1	2	0	0	0	0	0	0	0	0	0	0	0.8	0.8	0.8	0.285714285714286
033_filt.comp	0	0	0.428571428571429	1	0.555555555555556	1	0.75	1	0.785714285714286	1	0.684210526315789	1	0.75	0.857142857142857	1.4142135623731	0.571428571428571	0.444444444444444	0.25	0.214285714285714	0.315789473684211	0.287937776724948	0	3	5	9	11	13	18	0	0	0	0	0	0	3	0	4	4	3	3	6	6	0	0	0	0	0	0	0	0	0.6	0.714285714285714	0.857142857142857	0.88	0.8125	0.8
034_filt.comp	0	0	0.333333333333333	1	0.666666666666667	1	0.5	0.666666666666667	0.5	0.666666666666667	0.5	0.666666666666667	0.5	0.666666666666667	1.4142135623731	0.666666666666667	0.333333333333333	0.600925212577332	0.600925212577332	0.600925212577332	0.600925212577332	0	1	2	2	2	2	2	0	0	0	1	1	1	1	0	2	1	2	2	2	2	0	0	0	0	0	0	0	0	0.5	0.8	0.571428571428571	0.571428571428571	0.571428571428571	0.571428571428571
035_filt.comp	0	0	0.2	1	0.333333333333333	1	0.25	1	0.6	1	0.5	1	0.272727272727273	0.5	1.4142135623731	0.8	0.666666666666667	0.75	0.4	0.5	0.882567629043073	0	1	2	2	6	5	3	0	0	0	0	0	0	3	0	4	4	6	4	5	8	0	0	0	0	0	0	0	0	0.333333333333333	0.5	0.4	0.75	0.666666666666667	0.352941176470588
036_filt.comp	0	0	0.2	1	0.571428571428571	1	0.7	1	0.75	1	0.6875	1	0.625	0.75	1.4142135623731	0.8	0.428571428571429	0.3	0.25	0.3125	0.450693909432999	0	1	4	7	9	11	15	0	0	0	0	0	0	5	0	4	3	3	3	5	9	0	0	0	0	0	0	0	0	0.333333333333333	0.727272727272727	0.823529411764706	0.857142857142857	0.814814814814815	0.681818181818182
037_filt.comp	0	0	0.333333333333333	1	0.6	1	0.642857142857143	1	0.9375	1	0.857142857142857	0.947368421052632	0.76	0.904761904761905	1.4142135623731	0.666666666666667	0.4	0.357142857142857	0.0625	0.152244035573809	0.258205915471704	0	2	6	9	15	18	19	0	0	0	0	0	1	2	0	4	4	5	1	3	6	0	0	0	0	0	0	0	0	0.5	0.75	0.782608695652174	0.967741935483871	0.9	0.826086956521739
038_filt.comp	0	0	0.285714285714286	1	0.538461538461538	1	0.65	1	0.586206896551724	1	0.652173913043478	1	0.579710144927536	0.869565217391304	1.4142135623731	0.714285714285714	0.461538461538462	0.35	0.413793103448276	0.347826086956522	0.440064534802579	0	2	7	13	17	30	40	0	0	0	0	0	0	6	0	5	6	7	12	16	29	0	0	0	0	0	0	0	0	0.444444444444444	0.7	0.787878787878788	0.739130434782609	0.789473684210526	0.695652173913043
039_filt.comp	0	0	0.285714285714286	1	0.538461538461538	1	0.611111111111111	1	0.740740740740741	1	0.692307692307692	1	0.527272727272727	0.828571428571429	1.4142135623731	0.714285714285714	0.461538461538462	0.388888888888889	0.259259259259259	0.307692307692308	0.502850702974756	0	2	7	11	20	27	29	0	0	0	0	0	0	6	0	5	6	7	7	12	26	0	0	0	0	0	0	0	0	0.444444444444444	0.7	0.758620689655172	0.851063829787234	0.818181818181818	0.644444444444444
040_filt.comp	0	0	0.333333333333333	1	0.555555555555556	1	0.636363636363636	1	0.866666666666667	1	0.882352941176471	1	0.761904761904762	0.842105263157895	1.4142135623731	0.666666666666667	0.444444444444444	0.363636363636364	0.133333333333333	0.117647058823529	0.285692300081864	0	2	5	7	13	15	16	0	0	0	0	0	0	3	0	4	4	4	2	2	5	0	0	0	0	0	0	0	0	0.5	0.714285714285714	0.777777777777778	0.928571428571429	0.9375	0.8
041_filt.comp	0	0	0.428571428571429	1	0.461538461538462	1	0.55	1	0.586206896551724	1	0.604166666666667	1	0.557142857142857	0.795918367346939	1.4142135623731	0.571428571428571	0.538461538461538	0.45	0.413793103448276	0.395833333333333	0.487618459213688	0	3	6	11	17	29	39	0	0	0	0	0	0	10	0	4	7	9	12	19	31	0	0	0	0	0	0	0	0	0.6	0.631578947368421	0.709677419354839	0.739130434782609	0.753246753246753	0.65546218487395
043_filt.comp	0	0	0	0	0	0	0	0	0	0	0.0555555555555556	1	0.0416666666666667	1	1.4142135623731	1.4142135623731	1.4142135623731	1.4142135623731	1.4142135623731	0.944444444444444	0.958333333333333	0	0	0	0	0	2	2	0	0	0	0	0	0	0	0	0	0	0	0	34	46	0	0	0	0	0	0	0	0	0	0	0	0	0.105263157894737	0.08
044_filt.comp	0	0	0.285714285714286	1	0.454545454545455	1	0.4	1	0.565217391304348	1	0.533333333333333	1	0.428571428571429	0.714285714285714	1.4142135623731	0.714285714285714	0.545454545454545	0.6	0.434782608695652	0.466666666666667	0.63887656499994	0	2	5	6	13	16	15	0	0	0	0	0	0	6	0	5	6	9	10	14	20	0	0	0	0	0	0	0	0	0.444444444444444	0.625	0.571428571428571	0.722222222222222	0.695652173913043	0.535714285714286
045_filt.comp	0	0	0.333333333333333	1	0.416666666666667	1	0.526315789473684	1	0.62962962962963	1	0.720930232558139	1	0.711864406779661	0.84	1.4142135623731	0.666666666666667	0.583333333333333	0.473684210526316	0.37037037037037	0.279069767441861	0.329578700890147	0	2	5	10	17	31	42	0	0	0	0	0	0	8	0	4	7	9	10	12	17	0	0	0	0	0	0	0	0	0.5	0.588235294117647	0.689655172413793	0.772727272727273	0.837837837837838	0.770642201834862
046_filt.comp	0	0	0.428571428571429	1	0.538461538461538	1	0.55	1	0.655172413793103	1	0.609756097560976	1	0.56140350877193	0.8	1.4142135623731	0.571428571428571	0.461538461538462	0.45	0.344827586206897	0.390243902439024	0.482044481471964	0	3	7	11	19	25	32	0	0	0	0	0	0	8	0	4	6	9	10	16	25	0	0	0	0	0	0	0	0	0.6	0.7	0.709677419354839	0.791666666666667	0.757575757575758	0.65979381443299
047_filt.comp	0	0	0.333333333333333	1	0.5	1	0.647058823529412	1	0.833333333333333	0.952380952380952	0.823529411764706	0.96551724137931	0.653061224489796	0.8	1.4142135623731	0.666666666666667	0.5	0.352941176470588	0.173335949744774	0.179808034175905	0.400457880372605	0	2	6	11	20	28	32	0	0	0	0	1	1	8	0	4	6	6	4	6	17	0	0	0	0	0	0	0	0	0.5	0.666666666666667	0.785714285714286	0.888888888888889	0.888888888888889	0.719101123595506
048_filt.comp	0	0	0.428571428571429	1	0.5	1	0.571428571428571	1	0.833333333333333	1	0.909090909090909	1	0.75	0.818181818181818	1.4142135623731	0.571428571428571	0.5	0.428571428571429	0.166666666666667	0.0909090909090909	0.309124329743987	0	3	6	8	15	20	18	0	0	0	0	0	0	4	0	4	6	6	3	2	6	0	0	0	0	0	0	0	0	0.6	0.666666666666667	0.727272727272727	0.909090909090909	0.952380952380952	0.782608695652174
049_filt.comp	0	0	0.571428571428571	1	0.538461538461538	1	0.65	1	0.777777777777778	1	0.82051282051282	1	0.759259259259259	0.872340425531915	1.4142135623731	0.428571428571429	0.461538461538462	0.35	0.222222222222222	0.17948717948718	0.272494167287619	0	4	7	13	21	32	41	0	0	0	0	0	0	6	0	3	6	7	6	7	13	0	0	0	0	0	0	0	0	0.727272727272727	0.7	0.787878787878788	0.875	0.901408450704225	0.811881188118812
050_filt.comp	0	0	0	0	0.111111111111111	1	0.5	1	0.75	1	0.692307692307692	1	0.733333333333333	1	1.4142135623731	1.4142135623731	0.888888888888889	0.5	0.25	0.307692307692308	0.266666666666667	0	0	1	5	9	9	11	0	0	0	0	0	0	0	0	0	8	5	3	4	4	0	0	0	0	0	0	0	0	0	0.2	0.666666666666667	0.857142857142857	0.818181818181818	0.846153846153846
051_filt.comp	0	0	0.333333333333333	1	0.4	1	0.571428571428571	1	0.722222222222222	0.928571428571429	0.8	0.952380952380952	0.6875	0.814814814814815	1.4142135623731	0.666666666666667	0.6	0.428571428571429	0.286814460310995	0.205590791856409	0.363248954316556	0	2	4	8	13	20	22	0	0	0	0	1	1	5	0	4	6	6	5	5	10	0	0	0	0	0	0	0	0	0.5	0.571428571428571	0.727272727272727	0.8125	0.869565217391304	0.745762711864407
052_filt.comp	0	0	0	0	0.4	1	0.5625	1	0.666666666666667	1	0.739130434782609	0.944444444444444	0.6	0.75	1.4142135623731	1.4142135623731	0.6	0.4375	0.333333333333333	0.266719608971289	0.47169905660283	0	0	4	9	12	17	18	0	0	0	0	0	1	6	0	0	6	7	6	6	12	0	0	0	0	0	0	0	0	0	0.571428571428571	0.72	0.8	0.829268292682927	0.666666666666667
053_filt.comp	0	0	0.142857142857143	1	0.307692307692308	1	0.4	1	0.6	1	0.574468085106383	1	0.470588235294118	0.82051282051282	1.4142135623731	0.857142857142857	0.692307692307692	0.6	0.4	0.425531914893617	0.559010254118169	0	1	4	8	18	27	32	0	0	0	0	0	0	7	0	6	9	12	12	20	36	0	0	0	0	0	0	0	0	0.25	0.470588235294118	0.571428571428571	0.75	0.72972972972973	0.598130841121495
054_filt.comp	0	0	0.571428571428571	1	0.615384615384615	1	0.684210526315789	1	0.892857142857143	1	0.840909090909091	1	0.721311475409836	0.8	1.4142135623731	0.428571428571429	0.384615384615385	0.315789473684211	0.107142857142857	0.159090909090909	0.343026666220343	0	4	8	13	25	37	44	0	0	0	0	0	0	11	0	3	5	6	3	7	17	0	0	0	0	0	0	0	0	0.727272727272727	0.761904761904762	0.8125	0.943396226415094	0.91358024691358	0.758620689655172
055_filt.comp	0	0	0.2	1	0.363636363636364	1	0.470588235294118	1	0.714285714285714	1	0.620689655172414	0.947368421052632	0.625	0.833333333333333	1.4142135623731	0.8	0.636363636363636	0.529411764705882	0.285714285714286	0.382944409537096	0.410369075074838	0	1	4	8	15	18	20	0	0	0	0	0	1	4	0	4	7	9	6	11	12	0	0	0	0	0	0	0	0	0.333333333333333	0.533333333333333	0.64	0.833333333333333	0.75	0.714285714285714
056_filt.comp	0	0	0.428571428571429	1	0.384615384615385	1	0.45	1	0.619047619047619	1	0.758620689655172	1	0.588235294117647	0.769230769230769	1.4142135623731	0.571428571428571	0.615384615384615	0.55	0.380952380952381	0.241379310344828	0.472021833054577	0	3	5	9	13	22	20	0	0	0	0	0	0	6	0	4	8	11	8	7	14	0	0	0	0	0	0	0	0	0.6	0.555555555555556	0.620689655172414	0.764705882352941	0.862745098039216	0.666666666666667
057_filt.comp	0	0	0	0	0.230769230769231	1	0.5	1	0.636363636363636	1	0.583333333333333	1	0.354838709677419	0.578947368421053	1.4142135623731	1.4142135623731	0.769230769230769	0.5	0.363636363636364	0.416666666666667	0.770401459688553	0	0	3	9	14	14	11	0	0	0	0	0	0	8	0	0	10	9	8	10	20	0	0	0	0	0	0	0	0	0	0.375	0.666666666666667	0.777777777777778	0.736842105263158	0.44
058_filt.comp	0	0	0.333333333333333	1	0.625	1	0.818181818181818	1	0.857142857142857	1	0.782608695652174	1	0.794117647058823	0.870967741935484	1.4142135623731	0.666666666666667	0.375	0.181818181818182	0.142857142857143	0.217391304347826	0.24297503343723	0	2	5	9	12	18	27	0	0	0	0	0	0	4	0	4	3	2	2	5	7	0	0	0	0	0	0	0	0	0.5	0.769230769230769	0.9	0.923076923076923	0.878048780487805	0.830769230769231
059_filt.comp	0	0	0.2	1	0.428571428571429	1	0.625	1	1	1	1	1	0.875	0.875	1.4142135623731	0.8	0.571428571428571	0.375	0	0	0.176776695296637	0	1	3	5	8	8	7	0	0	0	0	0	0	1	0	4	4	3	0	0	1	0	0	0	0	0	0	0	0	0.333333333333333	0.6	0.769230769230769	1	1	0.875
060_filt.comp	0	0	0.333333333333333	1	0.666666666666667	1	0.666666666666667	1	0.740740740740741	1	0.681818181818182	1	0.603174603174603	0.844444444444444	1.4142135623731	0.666666666666667	0.333333333333333	0.333333333333333	0.259259259259259	0.318181818181818	0.426225206234722	0	2	8	12	20	30	38	0	0	0	0	0	0	7	0	4	4	6	7	14	25	0	0	0	0	0	0	0	0	0.5	0.8	0.8	0.851063829787234	0.810810810810811	0.703703703703704
061_filt.comp	0	0	0.333333333333333	1	0.416666666666667	1	0.411764705882353	0.875	0.666666666666667	0.923076923076923	0.652173913043478	0.9375	0.535714285714286	0.789473684210526	1.4142135623731	0.666666666666667	0.583333333333333	0.601369903840951	0.342093950362214	0.353396713011717	0.509786773200017	0	2	5	7	12	15	15	0	0	0	1	1	1	4	0	4	7	10	6	8	13	0	0	0	0	0	0	0	0	0.5	0.588235294117647	0.56	0.774193548387097	0.769230769230769	0.638297872340426
062_filt.comp	0	0	0.2	1	0.5	1	0.636363636363636	1	0.916666666666667	1	0.8125	1	0.75	0.857142857142857	1.4142135623731	0.8	0.5	0.363636363636364	0.0833333333333334	0.1875	0.287937776724948	0	1	5	7	11	13	12	0	0	0	0	0	0	2	0	4	5	4	1	3	4	0	0	0	0	0	0	0	0	0.333333333333333	0.666666666666667	0.777777777777778	0.956521739130435	0.896551724137931	0.8
063_filt.comp	0	0	0.428571428571429	1	0.615384615384615	1	0.75	1	0.620689655172414	1	0.731707317073171	1	0.627118644067797	0.822222222222222	1.4142135623731	0.571428571428571	0.384615384615385	0.25	0.379310344827586	0.268292682926829	0.413092536695404	0	3	8	15	18	30	37	0	0	0	0	0	0	8	0	4	5	5	11	11	22	0	0	0	0	0	0	0	0	0.6	0.761904761904762	0.857142857142857	0.765957446808511	0.845070422535211	0.711538461538462
064_filt.comp	0	0	0.2	1	0.454545454545455	1	0.571428571428571	1	0.75	1	0.75	1	0.678571428571429	0.791666666666667	1.4142135623731	0.8	0.545454545454545	0.428571428571429	0.25	0.25	0.383039298647528	0	1	5	8	12	18	19	0	0	0	0	0	0	5	0	4	6	6	4	6	9	0	0	0	0	0	0	0	0	0.333333333333333	0.625	0.727272727272727	0.857142857142857	0.857142857142857	0.730769230769231
065_filt.comp	0	0	0	0	0	0	0	0	0	0	0.25	1	0.388888888888889	0.875	1.4142135623731	1.4142135623731	1.4142135623731	1.4142135623731	1.4142135623731	0.75	0.623764210357934	0	0	0	0	0	4	7	0	0	0	0	0	0	1	0	0	0	0	0	12	11	0	0	0	0	0	0	0	0	0	0	0	0	0.4	0.538461538461539
066_filt.comp	0	0	0	0	0.333333333333333	1	0.666666666666667	1	0.666666666666667	1	0.666666666666667	1	0.666666666666667	1	1.4142135623731	1.4142135623731	0.666666666666667	0.333333333333333	0.333333333333333	0.333333333333333	0.333333333333333	0	0	1	2	2	2	2	0	0	0	0	0	0	0	0	0	2	1	1	1	1	0	0	0	0	0	0	0	0	0	0.5	0.8	0.8	0.8	0.8
067_filt.comp	0	0	0	0	0.25	1	0.5	1	0.642857142857143	1	0.666666666666667	1	0.666666666666667	0.823529411764706	1.4142135623731	1.4142135623731	0.75	0.5	0.357142857142857	0.333333333333333	0.377164393366105	0	0	2	6	9	12	14	0	0	0	0	0	0	3	0	0	6	6	5	6	7	0	0	0	0	0	0	0	0	0	0.4	0.666666666666667	0.782608695652174	0.8	0.736842105263158
068_filt.comp	0	0	0.571428571428571	1	0.583333333333333	1	0.684210526315789	1	0.793103448275862	1	0.85	1	0.709090909090909	0.866666666666667	1.4142135623731	0.428571428571429	0.416666666666667	0.315789473684211	0.206896551724138	0.15	0.320009182604705	0	4	7	13	23	34	39	0	0	0	0	0	0	6	0	3	5	6	6	6	16	0	0	0	0	0	0	0	0	0.727272727272727	0.736842105263158	0.8125	0.884615384615384	0.918918918918919	0.78
069_filt.comp	0	0	0.428571428571429	1	0.538461538461538	1	0.65	1	0.655172413793103	1	0.704545454545455	1	0.65625	0.807692307692308	1.4142135623731	0.571428571428571	0.461538461538462	0.35	0.344827586206897	0.295454545454545	0.393886165053699	0	3	7	13	19	31	42	0	0	0	0	0	0	10	0	4	6	7	10	13	22	0	0	0	0	0	0	0	0	0.6	0.7	0.787878787878788	0.791666666666667	0.826666666666667	0.724137931034483
070_filt.comp	0	0	0	0	0.25	1	0.454545454545455	1	0.769230769230769	1	0.928571428571429	1	0.9375	1	1.4142135623731	1.4142135623731	0.75	0.545454545454545	0.230769230769231	0.0714285714285714	0.0625	0	0	2	5	10	13	15	0	0	0	0	0	0	0	0	0	6	6	3	1	1	0	0	0	0	0	0	0	0	0	0.4	0.625	0.869565217391304	0.962962962962963	0.967741935483871
071_filt.comp	0	0	0	0	0.2	1	0.4	1	0.6	1	0.8	1	0.857142857142857	1	1.4142135623731	1.4142135623731	0.8	0.6	0.4	0.2	0.142857142857143	0	0	1	2	3	4	6	0	0	0	0	0	0	0	0	0	4	3	2	1	1	0	0	0	0	0	0	0	0	0	0.333333333333333	0.571428571428571	0.75	0.888888888888889	0.923076923076923
072_filt.comp	0	0	0.25	1	0.25	1	0.25	1	0.333333333333333	1	0.5	1	0.666666666666667	0.8	1.4142135623731	0.75	0.75	0.75	0.666666666666667	0.5	0.38873012632302	0	1	1	1	2	3	4	0	0	0	0	0	0	1	0	3	3	3	4	3	2	0	0	0	0	0	0	0	0	0.4	0.4	0.4	0.5	0.666666666666667	0.727272727272727
073_filt.comp	0	0	0	0	0.25	1	0.25	1	0.4	1	0.8	1	0.6	0.75	1.4142135623731	1.4142135623731	0.75	0.75	0.6	0.2	0.47169905660283	0	0	1	1	2	4	3	0	0	0	0	0	0	1	0	0	3	3	3	1	2	0	0	0	0	0	0	0	0	0	0.4	0.4	0.571428571428571	0.888888888888889	0.666666666666667
074_filt.comp	0	0	0.285714285714286	1	0.384615384615385	1	0.35	1	0.466666666666667	1	0.36734693877551	1	0.328767123287671	0.827586206896552	1.4142135623731	0.714285714285714	0.615384615384615	0.65	0.533333333333333	0.63265306122449	0.69302243169455	0	2	5	7	14	18	24	0	0	0	0	0	0	5	0	5	8	13	16	31	49	0	0	0	0	0	0	0	0	0.444444444444444	0.555555555555556	0.518518518518518	0.636363636363636	0.537313432835821	0.470588235294118
075_filt.comp	0	0	0	0	0	0	0.4	1	0.6	1	0.545454545454545	0.857142857142857	0.5	0.75	1.4142135623731	1.4142135623731	1.4142135623731	0.6	0.4	0.476465878645302	0.559016994374947	0	0	0	4	6	6	6	0	0	0	0	0	1	2	0	0	0	6	4	5	6	0	0	0	0	0	0	0	0	0	0	0.571428571428571	0.75	0.666666666666667	0.6
076_filt.comp	0	0	0.333333333333333	1	0.363636363636364	1	0.461538461538462	1	0.647058823529412	1	0.736842105263158	1	0.80952380952381	0.944444444444444	1.4142135623731	0.666666666666667	0.636363636363636	0.538461538461538	0.352941176470588	0.263157894736842	0.198412698412698	0	2	4	6	11	14	17	0	0	0	0	0	0	1	0	4	7	7	6	5	4	0	0	0	0	0	0	0	0	0.5	0.533333333333333	0.631578947368421	0.785714285714286	0.848484848484849	0.871794871794872
077_filt.comp	0	0	0.285714285714286	1	0.384615384615385	1	0.4	1	0.517241379310345	1	0.431818181818182	1	0.378787878787879	0.806451612903226	1.4142135623731	0.714285714285714	0.615384615384615	0.6	0.482758620689655	0.568181818181818	0.650665411473997	0	2	5	8	15	19	25	0	0	0	0	0	0	6	0	5	8	12	14	25	41	0	0	0	0	0	0	0	0	0.444444444444444	0.555555555555556	0.571428571428571	0.681818181818182	0.603174603174603	0.515463917525773
078_filt.comp	0	0	0.428571428571429	1	0.615384615384615	1	0.5	1	0.730769230769231	1	0.735294117647059	1	0.58695652173913	0.818181818181818	1.4142135623731	0.571428571428571	0.384615384615385	0.5	0.269230769230769	0.264705882352941	0.4512901130908	0	3	8	10	19	25	27	0	0	0	0	0	0	6	0	4	5	10	7	9	19	0	0	0	0	0	0	0	0	0.6	0.761904761904762	0.666666666666667	0.844444444444445	0.847457627118644	0.683544303797468
079_filt.comp	0	0	0.428571428571429	1	0.461538461538462	1	0.578947368421053	1	0.785714285714286	1	0.717391304347826	1	0.641791044776119	0.826923076923077	1.4142135623731	0.571428571428571	0.538461538461538	0.421052631578947	0.214285714285714	0.282608695652174	0.397830713877598	0	3	6	11	22	33	43	0	0	0	0	0	0	9	0	4	7	8	6	13	24	0	0	0	0	0	0	0	0	0.6	0.631578947368421	0.733333333333333	0.88	0.835443037974684	0.722689075630252
080_filt.comp	0	0	0.166666666666667	1	0.181818181818182	1	0.25	1	0.318181818181818	1	0.413793103448276	1	0.371428571428571	0.8125	1.4142135623731	0.833333333333333	0.818181818181818	0.75	0.681818181818182	0.586206896551724	0.655940767765144	0	1	2	4	7	12	13	0	0	0	0	0	0	3	0	5	9	12	15	17	22	0	0	0	0	0	0	0	0	0.285714285714286	0.307692307692308	0.4	0.482758620689655	0.585365853658537	0.509803921568628
081_filt.comp	0	0	0	0	0.363636363636364	1	0.470588235294118	1	0.75	1	0.75	1	0.615384615384615	0.8	1.4142135623731	1.4142135623731	0.636363636363636	0.529411764705882	0.25	0.25	0.433507778572473	0	0	4	8	15	18	16	0	0	0	0	0	0	4	0	0	7	9	5	6	10	0	0	0	0	0	0	0	0	0	0.533333333333333	0.64	0.857142857142857	0.857142857142857	0.695652173913043
082_filt.comp	0	0	0.333333333333333	1	0.636363636363636	1	0.647058823529412	1	0.75	1	0.727272727272727	1	0.755555555555556	0.871794871794872	1.4142135623731	0.666666666666667	0.363636363636364	0.352941176470588	0.25	0.272727272727273	0.276024711426072	0	2	7	11	18	24	34	0	0	0	0	0	0	5	0	4	4	6	6	9	11	0	0	0	0	0	0	0	0	0.5	0.777777777777778	0.785714285714286	0.857142857142857	0.842105263157895	0.80952380952381
083_filt.comp	0	0	0	0	0	0	0.142857142857143	1	0.555555555555556	1	0.7	1	0.7	0.875	1.4142135623731	1.4142135623731	1.4142135623731	0.857142857142857	0.444444444444444	0.3	0.325	0	0	0	1	5	7	7	0	0	0	0	0	0	1	0	0	0	6	4	3	3	0	0	0	0	0	0	0	0	0	0	0.25	0.714285714285714	0.823529411764706	0.777777777777778
084_filt.comp	0	0	0.333333333333333	1	0.583333333333333	1	0.647058823529412	1	0.761904761904762	1	0.814814814814815	1	0.638888888888889	0.793103448275862	1.4142135623731	0.666666666666667	0.416666666666667	0.352941176470588	0.238095238095238	0.185185185185185	0.416181952615968	0	2	7	11	16	22	23	0	0	0	0	0	0	6	0	4	5	6	5	5	13	0	0	0	0	0	0	0	0	0.5	0.736842105263158	0.785714285714286	0.864864864864865	0.897959183673469	0.707692307692308
085_filt.comp	0	0	0.4	1	0.454545454545455	1	0.588235294117647	1	0.75	1	0.787878787878788	1	0.707317073170732	0.878787878787879	1.4142135623731	0.6	0.545454545454545	0.411764705882353	0.25	0.212121212121212	0.316789636803493	0	2	5	10	18	26	29	0	0	0	0	0	0	4	0	3	6	7	6	7	12	0	0	0	0	0	0	0	0	0.571428571428571	0.625	0.740740740740741	0.857142857142857	0.88135593220339	0.783783783783784
086_filt.comp	0	0	0	0	0	0	0	0	1	1	1	1	1	1	1.4142135623731	1.4142135623731	1.4142135623731	1.4142135623731	0	0	0	0	0	0	0	1	1	1	0	0	0	0	0	0	0	0	0	0	0	0	0	0	0	0	0	0	0	0	0	0	0	0	0	1	1	1
087_filt.comp	0	0	0.2	1	0.333333333333333	1	0.4	1	0.615384615384615	1	0.625	1	0.523809523809524	0.846153846153846	1.4142135623731	0.8	0.666666666666667	0.6	0.384615384615385	0.375	0.500425827338844	0	1	3	4	8	10	11	0	0	0	0	0	0	2	0	4	6	6	5	6	10	0	0	0	0	0	0	0	0	0.333333333333333	0.5	0.571428571428571	0.761904761904762	0.769230769230769	0.647058823529412
088_filt.comp	0	0	0.333333333333333	1	0.416666666666667	1	0.421052631578947	1	0.576923076923077	1	0.684210526315789	1	0.660714285714286	0.840909090909091	1.4142135623731	0.666666666666667	0.583333333333333	0.578947368421053	0.423076923076923	0.315789473684211	0.374732855877009	0	2	5	8	15	26	37	0	0	0	0	0	0	7	0	4	7	11	11	12	19	0	0	0	0	0	0	0	0	0.5	0.588235294117647	0.592592592592593	0.731707317073171	0.8125	0.74
089_filt.comp	0	0	0.2	1	0.4	1	0.5	0.875	0.631578947368421	0.923076923076923	0.619047619047619	0.928571428571429	0.454545454545455	0.666666666666667	1.4142135623731	0.8	0.6	0.515388203202208	0.37636582175521	0.387590966573802	0.639243124537242	0	1	4	7	12	13	10	0	0	0	1	1	1	5	0	4	6	7	7	8	12	0	0	0	0	0	0	0	0	0.333333333333333	0.571428571428571	0.636363636363636	0.75	0.742857142857143	0.54054054054054
090_filt.comp	0	0	0.2	1	0.25	1	0.5	1	0.625	1	0.65	1	0.739130434782609	0.894736842105263	1.4142135623731	0.8	0.75	0.5	0.375	0.35	0.281306349851338	0	1	2	6	10	13	17	0	0	0	0	0	0	2	0	4	6	6	6	7	6	0	0	0	0	0	0	0	0	0.333333333333333	0.4	0.666666666666667	0.769230769230769	0.787878787878788	0.80952380952381
091_filt.comp	0	0	0.2	1	0.25	1	0.363636363636364	0.8	0.75	0.9	0.833333333333333	0.909090909090909	0.692307692307692	0.818181818181818	1.4142135623731	0.8	0.75	0.667052230103423	0.269258240356725	0.189847940699116	0.35739670878827	0	1	2	4	9	10	9	0	0	0	1	1	1	2	0	4	6	7	3	2	4	0	0	0	0	0	0	0	0	0.333333333333333	0.4	0.5	0.818181818181818	0.869565217391304	0.75
092_filt.comp	0	0	0.166666666666667	1	0.416666666666667	1	0.5	1	0.518518518518518	1	0.475	1	0.418181818181818	0.766666666666667	1.4142135623731	0.833333333333333	0.583333333333333	0.5	0.481481481481482	0.525	0.626862697198245	0	1	5	9	14	19	23	0	0	0	0	0	0	7	0	5	7	9	13	21	32	0	0	0	0	0	0	0	0	0.285714285714286	0.588235294117647	0.666666666666667	0.682926829268293	0.64406779661017	0.541176470588235
093_filt.comp	0	0	0.2	1	0.285714285714286	1	0.5	1	0.727272727272727	1	0.833333333333333	1	0.846153846153846	0.916666666666667	1.4142135623731	0.8	0.714285714285714	0.5	0.272727272727273	0.166666666666667	0.1749659495379	0	1	2	4	8	10	11	0	0	0	0	0	0	1	0	4	5	4	3	2	2	0	0	0	0	0	0	0	0	0.333333333333333	0.444444444444444	0.666666666666667	0.842105263157895	0.909090909090909	0.88
094_filt.comp	0	0	0.166666666666667	1	0.25	1	0.307692307692308	1	0.294117647058824	1	0.48	1	0.645161290322581	0.952380952380952	1.4142135623731	0.833333333333333	0.75	0.692307692307692	0.705882352941176	0.52	0.358019669266482	0	1	3	4	5	12	20	0	0	0	0	0	0	1	0	5	9	9	12	13	11	0	0	0	0	0	0	0	0	0.285714285714286	0.4	0.470588235294118	0.454545454545455	0.648648648648649	0.769230769230769
095_filt.comp	0	0	0.285714285714286	1	0.363636363636364	1	0.533333333333333	1	0.647058823529412	1	0.714285714285714	1	0.695652173913043	0.842105263157895	1.4142135623731	0.714285714285714	0.636363636363636	0.466666666666667	0.352941176470588	0.285714285714286	0.342867827546263	0	2	4	8	11	15	16	0	0	0	0	0	0	3	0	5	7	7	6	6	7	0	0	0	0	0	0	0	0	0.444444444444444	0.533333333333333	0.695652173913043	0.785714285714286	0.833333333333333	0.761904761904762
096_filt.comp	0	0	0	0	0.166666666666667	1	0.333333333333333	1	0.5	1	0.666666666666667	1	0.666666666666667	1	1.4142135623731	1.4142135623731	0.833333333333333	0.666666666666667	0.5	0.333333333333333	0.333333333333333	0	0	1	2	3	4	4	0	0	0	0	0	0	0	0	0	5	4	3	2	2	0	0	0	0	0	0	0	0	0	0.285714285714286	0.5	0.666666666666667	0.8	0.8
097_filt.comp	0	0	0.142857142857143	1	0.307692307692308	1	0.3	1	0.333333333333333	1	0.285714285714286	1	0.267605633802817	0.703703703703704	1.4142135623731	0.857142857142857	0.692307692307692	0.7	0.666666666666667	0.714285714285714	0.790058860361857	0	1	4	6	10	14	19	0	0	0	0	0	0	8	0	6	9	14	20	35	52	0	0	0	0	0	0	0	0	0.25	0.470588235294118	0.461538461538461	0.5	0.444444444444444	0.387755102040816
098_filt.comp	0	0	0.428571428571429	1	0.538461538461538	1	0.684210526315789	1	0.769230769230769	1	0.885714285714286	1	0.744186046511628	0.864864864864865	1.4142135623731	0.571428571428571	0.461538461538462	0.315789473684211	0.230769230769231	0.114285714285714	0.289313469350015	0	3	7	13	20	31	32	0	0	0	0	0	0	5	0	4	6	6	6	4	11	0	0	0	0	0	0	0	0	0.6	0.7	0.8125	0.869565217391304	0.939393939393939	0.8
099_filt.comp	0	0	0.571428571428571	1	0.615384615384615	1	0.65	1	0.766666666666667	1	0.791666666666667	1	0.71875	0.867924528301887	1.4142135623731	0.428571428571429	0.384615384615385	0.35	0.233333333333333	0.208333333333333	0.310717705842907	0	4	8	13	23	38	46	0	0	0	0	0	0	7	0	3	5	7	7	10	18	0	0	0	0	0	0	0	0	0.727272727272727	0.761904761904762	0.787878787878788	0.867924528301887	0.883720930232558	0.786324786324786
100_filt.comp	0	0	0.428571428571429	1	0.615384615384615	1	0.6	1	0.714285714285714	1	0.790697674418605	1	0.661016949152542	0.866666666666667	1.4142135623731	0.571428571428571	0.384615384615385	0.4	0.285714285714286	0.209302325581395	0.364262661467831	0	3	8	12	20	34	39	0	0	0	0	0	0	6	0	4	5	8	8	9	20	0	0	0	0	0	0	0	0	0.6	0.761904761904762	0.75	0.833333333333333	0.883116883116883	0.75
