Filename	Kingdom_SSV	Kingdom_PPV	Phylum_SSV	Phylum_PPV	Class_SSV	Class_PPV	Order_SSV	Order_PPV	Family_SSV	Family_PPV	Genus_SSV	Genus_PPV	Species_SSV	Species_PPV	Kingdom_Dist	Phylum_Dist	Class_Dist	Order_Dist	Family_Dist	Genus_Dist	Species_Dist	Kingdom_TP	Phylum_TP	Class_TP	Order_TP	Family_TP	Genus_TP	Species_TP	Kingdom_FP	Phylum_FP	Class_FP	Order_FP	Family_FP	Genus_FP	Species_FP	Kingdom_FN	Phylum_FN	Class_FN	Order_FN	Family_FN	Genus_FN	Species_FN	Kingdom_TN	Phylum_TN	Class_TN	Order_TN	Family_TN	Genus_TN	Species_TN	Kingdom_F1	Phylum_F1	Class_F1	Order_F1	Family_F1	Genus_F1	Species_F1
001_filt.comp	0	0	0.666666666666667	1	0.666666666666667	1	0.705882352941177	1	0.791666666666667	1	0.710526315789474	1	0.679245283018868	0.765957446808511	1.4142135623731	0.333333333333333	0.333333333333333	0.294117647058823	0.208333333333333	0.289473684210526	0.397063603431538	0	4	8	12	19	27	36	0	0	0	0	0	0	11	0	2	4	5	5	11	17	0	0	0	0	0	0	0	0	0.8	0.8	0.827586206896552	0.883720930232558	0.830769230769231	0.72
002_filt.comp	0	0	0.571428571428571	1	0.538461538461538	1	0.6	1	0.642857142857143	1	0.69047619047619	1	0.639344262295082	0.75	1.4142135623731	0.428571428571429	0.461538461538462	0.4	0.357142857142857	0.30952380952381	0.438830902671494	0	4	7	12	18	29	39	0	0	0	0	0	0	13	0	3	6	8	10	13	22	0	0	0	0	0	0	0	0	0.727272727272727	0.7	0.75	0.782608695652174	0.816901408450704	0.690265486725664
003_filt.comp	0	0	0.333333333333333	1	0.555555555555556	1	0.818181818181818	1	0.857142857142857	1	0.875	1	0.722222222222222	0.722222222222222	1.4142135623731	0.666666666666667	0.444444444444444	0.181818181818182	0.142857142857143	0.125	0.392837100659193	0	2	5	9	12	14	13	0	0	0	0	0	0	5	0	4	4	2	2	2	5	0	0	0	0	0	0	0	0	0.5	0.714285714285714	0.9	0.923076923076923	0.933333333333333	0.722222222222222
004_filt.comp	0	0	0.4	1	0.5	1	0.583333333333333	1	0.846153846153846	1	0.714285714285714	1	0.866666666666667	1	1.4142135623731	0.6	0.5	0.416666666666667	0.153846153846154	0.285714285714286	0.133333333333333	0	2	4	7	11	10	13	0	0	0	0	0	0	0	0	3	4	5	2	4	2	0	0	0	0	0	0	0	0	0.571428571428571	0.666666666666667	0.736842105263158	0.916666666666667	0.833333333333333	0.928571428571429
005_filt.comp	0	0	0.5	1	0.4	1	0.5	0.875	0.888888888888889	0.941176470588235	0.894736842105263	0.944444444444444	0.8	0.842105263157895	1.4142135623731	0.5	0.6	0.515388203202208	0.125721464455368	0.119024166298524	0.254815124987583	0	3	4	7	16	17	16	0	0	0	1	1	1	3	0	3	6	7	2	2	4	0	0	0	0	0	0	0	0	0.666666666666667	0.571428571428571	0.636363636363636	0.914285714285714	0.918918918918919	0.82051282051282
006_filt.comp	0	0	0.714285714285714	1	0.615384615384615	1	0.6	1	0.620689655172414	1	0.666666666666667	1	0.555555555555556	0.795454545454545	1.4142135623731	0.285714285714286	0.384615384615385	0.4	0.379310344827586	0.333333333333333	0.489254235722837	0	5	8	12	18	30	35	0	0	0	0	0	0	9	0	2	5	8	11	15	28	0	0	0	0	0	0	0	0	0.833333333333333	0.761904761904762	0.75	0.765957446808511	0.8	0.654205607476636
007_filt.comp	0	0	0	0	0.4	1	0.666666666666667	0.8	0.833333333333333	0.833333333333333	0.857142857142857	0.857142857142857	0.571428571428571	0.571428571428571	1.4142135623731	1.4142135623731	0.6	0.38873012632302	0.235702260395516	0.202030508910442	0.606091526731326	0	0	2	4	5	6	4	0	0	0	1	1	1	3	0	0	3	2	1	1	3	0	0	0	0	0	0	0	0	0	0.571428571428571	0.727272727272727	0.833333333333333	0.857142857142857	0.571428571428571
008_filt.comp	0	0	0.166666666666667	1	0.0833333333333333	1	0.157894736842105	1	0.172413793103448	1	0.325581395348837	1	0.416666666666667	0.892857142857143	1.4142135623731	0.833333333333333	0.916666666666667	0.842105263157895	0.827586206896552	0.674418604651163	0.593091367003864	0	1	1	3	5	14	25	0	0	0	0	0	0	3	0	5	11	16	24	29	35	0	0	0	0	0	0	0	0	0.285714285714286	0.153846153846154	0.272727272727273	0.294117647058824	0.491228070175439	0.568181818181818
009_filt.comp	0	0	0.6	1	0.545454545454545	1	0.857142857142857	0.923076923076923	0.941176470588235	0.941176470588235	0.923076923076923	0.96	0.736842105263158	0.682926829268293	1.4142135623731	0.4	0.454545454545455	0.162250802859708	0.0831890330807703	0.0867015557144946	0.412052755311969	0	3	6	12	16	24	28	0	0	0	1	1	1	13	0	2	5	2	1	2	10	0	0	0	0	0	0	0	0	0.75	0.705882352941176	0.888888888888889	0.941176470588235	0.941176470588235	0.708860759493671
010_filt.comp	0	0	0.333333333333333	1	0.5	1	0.571428571428571	1	0.857142857142857	1	0.857142857142857	1	0.857142857142857	1	1.4142135623731	0.666666666666667	0.5	0.428571428571429	0.142857142857143	0.142857142857143	0.142857142857143	0	2	3	4	6	6	6	0	0	0	0	0	0	0	0	4	3	3	1	1	1	0	0	0	0	0	0	0	0	0.5	0.666666666666667	0.727272727272727	0.923076923076923	0.923076923076923	0.923076923076923
011_filt.comp	0	0	0.666666666666667	1	0.454545454545455	1	0.588235294117647	1	0.76	1	0.827586206896552	1	0.714285714285714	0.833333333333333	1.4142135623731	0.333333333333333	0.545454545454545	0.411764705882353	0.24	0.172413793103448	0.330772475939281	0	4	5	10	19	24	25	0	0	0	0	0	0	5	0	2	6	7	6	5	10	0	0	0	0	0	0	0	0	0.8	0.625	0.740740740740741	0.863636363636364	0.905660377358491	0.769230769230769
012_filt.comp	0	0	0	0	1	1	1	1	1	1	1	1	1	1	1.4142135623731	1.4142135623731	0	0	0	0	0	0	0	1	1	1	1	1	0	0	0	0	0	0	0	0	0	0	0	0	0	0	0	0	0	0	0	0	0	0	0	1	1	1	1	1
013_filt.comp	0	0	0.2	1	0.571428571428571	1	0.666666666666667	1	0.8	1	0.615384615384615	1	0.466666666666667	0.777777777777778	1.4142135623731	0.8	0.428571428571429	0.333333333333333	0.2	0.384615384615385	0.577777777777778	0	1	4	6	8	8	7	0	0	0	0	0	0	2	0	4	3	3	2	5	8	0	0	0	0	0	0	0	0	0.333333333333333	0.727272727272727	0.8	0.888888888888889	0.761904761904762	0.583333333333333
014_filt.comp	0	0	0.428571428571429	1	0.461538461538462	1	0.642857142857143	1	0.6875	1	0.714285714285714	1	0.590909090909091	0.65	1.4142135623731	0.571428571428571	0.538461538461538	0.357142857142857	0.3125	0.285714285714286	0.538382180147919	0	3	6	9	11	15	13	0	0	0	0	0	0	7	0	4	7	5	5	6	9	0	0	0	0	0	0	0	0	0.6	0.631578947368421	0.782608695652174	0.814814814814815	0.833333333333333	0.619047619047619
015_filt.comp	0	0	0.571428571428571	1	0.692307692307692	1	0.65	1	0.72	1	0.764705882352941	1	0.75	0.804878048780488	1.4142135623731	0.428571428571429	0.307692307692308	0.35	0.28	0.235294117647059	0.317131795705996	0	4	9	13	18	26	33	0	0	0	0	0	0	8	0	3	4	7	7	8	11	0	0	0	0	0	0	0	0	0.727272727272727	0.818181818181818	0.787878787878788	0.837209302325581	0.866666666666667	0.776470588235294
016_filt.comp	0	0	0.2	1	0.5	1	0.666666666666667	1	0.7	1	0.818181818181818	0.9	0.833333333333333	0.769230769230769	1.4142135623731	0.8	0.5	0.333333333333333	0.3	0.20750385837297	0.284661580912494	0	1	4	6	7	9	10	0	0	0	0	0	1	3	0	4	4	3	3	2	2	0	0	0	0	0	0	0	0	0.333333333333333	0.666666666666667	0.8	0.823529411764706	0.857142857142857	0.8
017_filt.comp	0	0	0.666666666666667	1	0.833333333333333	1	0.736842105263158	1	0.884615384615385	1	0.888888888888889	1	0.818181818181818	0.878048780487805	1.4142135623731	0.333333333333333	0.166666666666667	0.263157894736842	0.115384615384615	0.111111111111111	0.218929100807044	0	4	10	14	23	32	36	0	0	0	0	0	0	5	0	2	2	5	3	4	8	0	0	0	0	0	0	0	0	0.8	0.909090909090909	0.848484848484849	0.938775510204082	0.941176470588235	0.847058823529412
018_filt.comp	0	0	0	0	0.25	1	0.636363636363636	1	0.714285714285714	1	0.714285714285714	1	0.705882352941177	0.857142857142857	1.4142135623731	1.4142135623731	0.75	0.363636363636364	0.285714285714286	0.285714285714286	0.326976074930147	0	0	2	7	10	10	12	0	0	0	0	0	0	2	0	0	6	4	4	4	5	0	0	0	0	0	0	0	0	0	0.4	0.777777777777778	0.833333333333333	0.833333333333333	0.774193548387097
019_filt.comp	0	0	0.4	1	0.375	1	0.5	1	0.714285714285714	1	0.642857142857143	1	0.6875	0.916666666666667	1.4142135623731	0.6	0.625	0.5	0.285714285714286	0.357142857142857	0.323420306172084	0	2	3	5	10	9	11	0	0	0	0	0	0	1	0	3	5	5	4	5	5	0	0	0	0	0	0	0	0	0.571428571428571	0.545454545454546	0.666666666666667	0.833333333333333	0.782608695652174	0.785714285714286
020_filt.comp	0	0	0.5	1	0.75	1	0.823529411764706	1	1	1	0.896551724137931	0.962962962962963	0.818181818181818	0.870967741935484	1.4142135623731	0.5	0.25	0.176470588235294	0	0.109878514238761	0.222951059340155	0	3	9	14	21	26	27	0	0	0	0	0	1	4	0	3	3	3	0	3	6	0	0	0	0	0	0	0	0	0.666666666666667	0.857142857142857	0.903225806451613	1	0.928571428571428	0.84375
021_filt.comp	0	0	0	0	0.2	1	0.285714285714286	1	0.666666666666667	1	0.611111111111111	1	0.6	0.857142857142857	1.4142135623731	1.4142135623731	0.8	0.714285714285714	0.333333333333333	0.388888888888889	0.424744821351957	0	0	2	4	10	11	12	0	0	0	0	0	0	2	0	0	8	10	5	7	8	0	0	0	0	0	0	0	0	0	0.333333333333333	0.444444444444444	0.8	0.758620689655172	0.705882352941176
022_filt.comp	0	0	0	0	0.25	1	0.6	1	0.8	1	0.8	1	1	1	1.4142135623731	1.4142135623731	0.75	0.4	0.2	0.2	0	0	0	1	3	4	4	6	0	0	0	0	0	0	0	0	0	3	2	1	1	0	0	0	0	0	0	0	0	0	0	0.4	0.75	0.888888888888889	0.888888888888889	1
023_filt.comp	0	0	0.428571428571429	1	0.538461538461538	1	0.684210526315789	1	0.782608695652174	1	0.676470588235294	1	0.666666666666667	0.9375	1.4142135623731	0.571428571428571	0.461538461538462	0.315789473684211	0.217391304347826	0.323529411764706	0.339142095752077	0	3	7	13	18	23	30	0	0	0	0	0	0	2	0	4	6	6	5	11	15	0	0	0	0	0	0	0	0	0.6	0.7	0.8125	0.878048780487805	0.807017543859649	0.779220779220779
024_filt.comp	0	0	0	0	0.25	1	0.8	1	1	1	0.8	1	0.8	1	1.4142135623731	1.4142135623731	0.75	0.2	0	0.2	0.2	0	0	1	4	5	4	4	0	0	0	0	0	0	0	0	0	3	1	0	1	1	0	0	0	0	0	0	0	0	0	0.4	0.888888888888889	1	0.888888888888889	0.888888888888889
025_filt.comp	0	0	0.666666666666667	1	0.636363636363636	1	0.647058823529412	1	0.92	1	0.882352941176471	1	0.772727272727273	0.755555555555556	1.4142135623731	0.333333333333333	0.363636363636364	0.352941176470588	0.08	0.117647058823529	0.333775342081671	0	4	7	11	23	30	34	0	0	0	0	0	0	11	0	2	4	6	2	4	10	0	0	0	0	0	0	0	0	0.8	0.777777777777778	0.785714285714286	0.958333333333333	0.9375	0.764044943820225
026_filt.comp	0	0	0.5	1	0.666666666666667	1	0.866666666666667	0.928571428571429	0.85	0.944444444444444	0.869565217391304	0.952380952380952	0.67741935483871	0.617647058823529	1.4142135623731	0.5	0.333333333333333	0.151260763564463	0.159957556098755	0.13885534275037	0.500251980764666	0	3	8	13	17	20	21	0	0	0	1	1	1	13	0	3	4	2	3	3	10	0	0	0	0	0	0	0	0	0.666666666666667	0.8	0.896551724137931	0.894736842105263	0.909090909090909	0.646153846153846
027_filt.comp	0	0	0	0	0.333333333333333	1	0.375	1	0.625	1	0.555555555555556	1	0.444444444444444	0.8	1.4142135623731	1.4142135623731	0.666666666666667	0.625	0.375	0.444444444444444	0.590459122470508	0	0	2	3	5	5	4	0	0	0	0	0	0	1	0	0	4	5	3	4	5	0	0	0	0	0	0	0	0	0	0.5	0.545454545454546	0.769230769230769	0.714285714285714	0.571428571428571
028_filt.comp	0	0	0.2	1	0.428571428571429	1	0.571428571428571	1	0.888888888888889	1	0.888888888888889	1	0.777777777777778	0.777777777777778	1.4142135623731	0.8	0.571428571428571	0.428571428571429	0.111111111111111	0.111111111111111	0.314269680527354	0	1	3	4	8	8	7	0	0	0	0	0	0	2	0	4	4	3	1	1	2	0	0	0	0	0	0	0	0	0.333333333333333	0.6	0.727272727272727	0.941176470588235	0.941176470588235	0.777777777777778
029_filt.comp	0	0	0.142857142857143	1	0.307692307692308	1	0.368421052631579	1	0.285714285714286	1	0.25	1	0.19672131147541	0.8	1.4142135623731	0.857142857142857	0.692307692307692	0.631578947368421	0.714285714285714	0.75	0.827802302145739	0	1	4	7	8	11	12	0	0	0	0	0	0	3	0	6	9	12	20	33	49	0	0	0	0	0	0	0	0	0.25	0.470588235294118	0.538461538461538	0.444444444444444	0.4	0.315789473684211
030_filt.comp	0	0	0	0	0	0	0.1	1	0.0689655172413793	1	0.208333333333333	1	0.304347826086957	0.84	1.4142135623731	1.4142135623731	1.4142135623731	0.9	0.931034482758621	0.791666666666667	0.713815065034315	0	0	0	2	2	10	21	0	0	0	0	0	0	4	0	0	0	18	27	38	48	0	0	0	0	0	0	0	0	0	0	0.181818181818182	0.129032258064516	0.344827586206897	0.446808510638298
031_filt.comp	0	0	0.571428571428571	1	0.666666666666667	1	0.823529411764706	1	0.869565217391304	1	0.827586206896552	1	0.714285714285714	0.806451612903226	1.4142135623731	0.428571428571429	0.333333333333333	0.176470588235294	0.130434782608696	0.172413793103448	0.345099451186158	0	4	8	14	20	24	25	0	0	0	0	0	0	6	0	3	4	3	3	5	10	0	0	0	0	0	0	0	0	0.727272727272727	0.8	0.903225806451613	0.930232558139535	0.905660377358491	0.757575757575758
032_filt.comp	0	0	0	0	0	0	0.666666666666667	1	0.666666666666667	1	0.666666666666667	1	0.333333333333333	0.25	1.4142135623731	1.4142135623731	1.4142135623731	0.333333333333333	0.333333333333333	0.333333333333333	1.00346621489936	0	0	0	2	2	2	1	0	0	0	0	0	0	3	0	0	0	1	1	1	2	0	0	0	0	0	0	0	0	0	0	0.8	0.8	0.8	0.285714285714286
033_filt.comp	0	0	0.428571428571429	1	0.666666666666667	1	0.75	1	0.785714285714286	0.916666666666667	0.684210526315789	0.928571428571429	0.75	0.818181818181818	1.4142135623731	0.571428571428571	0.333333333333333	0.25	0.229919141855095	0.323766941651054	0.309124329743987	0	3	6	9	11	13	18	0	0	0	0	1	1	4	0	4	3	3	3	6	6	0	0	0	0	0	0	0	0	0.6	0.8	0.857142857142857	0.846153846153846	0.787878787878788	0.782608695652174
034_filt.comp	0	0	0.333333333333333	1	0.666666666666667	1	0.75	0.75	0.75	0.75	0.5	0.666666666666667	0.5	0.666666666666667	1.4142135623731	0.666666666666667	0.333333333333333	0.353553390593274	0.353553390593274	0.600925212577332	0.600925212577332	0	1	2	3	3	2	2	0	0	0	1	1	1	1	0	2	1	1	1	2	2	0	0	0	0	0	0	0	0	0.5	0.8	0.75	0.75	0.571428571428571	0.571428571428571
035_filt.comp	0	0	0.2	1	0.333333333333333	1	0.375	1	0.7	1	0.6	1	0.454545454545455	0.625	1.4142135623731	0.8	0.666666666666667	0.625	0.3	0.4	0.661925721782304	0	1	2	3	7	6	5	0	0	0	0	0	0	3	0	4	4	5	3	4	6	0	0	0	0	0	0	0	0	0.333333333333333	0.5	0.545454545454546	0.823529411764706	0.75	0.526315789473684
036_filt.comp	0	0	0.2	1	0.571428571428571	1	0.7	1	0.916666666666667	1	0.875	1	0.708333333333333	0.586206896551724	1.4142135623731	0.8	0.428571428571429	0.3	0.0833333333333334	0.125	0.506255051239788	0	1	4	7	11	14	17	0	0	0	0	0	0	12	0	4	3	3	1	2	7	0	0	0	0	0	0	0	0	0.333333333333333	0.727272727272727	0.823529411764706	0.956521739130435	0.933333333333333	0.641509433962264
037_filt.comp	0	0	0.5	1	0.6	1	0.857142857142857	1	0.9375	1	0.857142857142857	0.947368421052632	0.8	0.869565217391304	1.4142135623731	0.5	0.4	0.142857142857143	0.0625	0.152244035573809	0.238774438569495	0	3	6	12	15	18	20	0	0	0	0	0	1	3	0	3	4	2	1	3	5	0	0	0	0	0	0	0	0	0.666666666666667	0.75	0.923076923076923	0.967741935483871	0.9	0.833333333333333
038_filt.comp	0	0	0.428571428571429	1	0.692307692307692	1	0.7	1	0.689655172413793	1	0.717391304347826	1	0.579710144927536	0.754716981132076	1.4142135623731	0.571428571428571	0.307692307692308	0.3	0.310344827586207	0.282608695652174	0.486628525285762	0	3	9	14	20	33	40	0	0	0	0	0	0	13	0	4	4	6	9	13	29	0	0	0	0	0	0	0	0	0.6	0.818181818181818	0.823529411764706	0.816326530612245	0.835443037974684	0.655737704918033
039_filt.comp	0	0	0.571428571428571	1	0.615384615384615	1	0.722222222222222	1	0.777777777777778	1	0.717948717948718	1	0.545454545454545	0.833333333333333	1.4142135623731	0.428571428571429	0.384615384615385	0.277777777777778	0.222222222222222	0.282051282051282	0.484137736626377	0	4	8	13	21	28	30	0	0	0	0	0	0	6	0	3	5	5	6	11	25	0	0	0	0	0	0	0	0	0.727272727272727	0.761904761904762	0.838709677419355	0.875	0.835820895522388	0.659340659340659
040_filt.comp	0	0	0.5	1	0.555555555555556	1	0.727272727272727	1	0.866666666666667	1	0.882352941176471	1	0.761904761904762	0.842105263157895	1.4142135623731	0.5	0.444444444444444	0.272727272727273	0.133333333333333	0.117647058823529	0.285692300081864	0	3	5	8	13	15	16	0	0	0	0	0	0	3	0	3	4	3	2	2	5	0	0	0	0	0	0	0	0	0.666666666666667	0.714285714285714	0.842105263157895	0.928571428571429	0.9375	0.8
041_filt.comp	0	0	0.571428571428571	1	0.538461538461538	1	0.6	1	0.758620689655172	1	0.666666666666667	1	0.614285714285714	0.741379310344828	1.4142135623731	0.428571428571429	0.461538461538462	0.4	0.241379310344828	0.333333333333333	0.464392260187224	0	4	7	12	22	32	43	0	0	0	0	0	0	15	0	3	6	8	7	16	27	0	0	0	0	0	0	0	0	0.727272727272727	0.7	0.75	0.862745098039216	0.8	0.671875
043_filt.comp	0	0	0	0	0	0	0	0	0	0	0.0555555555555556	1	0.0625	1	1.4142135623731	1.4142135623731	1.4142135623731	1.4142135623731	1.4142135623731	0.944444444444444	0.9375	0	0	0	0	0	2	3	0	0	0	0	0	0	0	0	0	0	0	0	34	45	0	0	0	0	0	0	0	0	0	0	0	0	0.105263157894737	0.117647058823529
044_filt.comp	0	0	0.285714285714286	1	0.636363636363636	1	0.666666666666667	1	0.695652173913043	1	0.6	1	0.485714285714286	0.739130434782609	1.4142135623731	0.714285714285714	0.363636363636364	0.333333333333333	0.304347826086957	0.4	0.576665176662401	0	2	7	10	16	18	17	0	0	0	0	0	0	6	0	5	4	5	7	12	18	0	0	0	0	0	0	0	0	0.444444444444444	0.777777777777778	0.8	0.82051282051282	0.75	0.586206896551724
045_filt.comp	0	0	0.666666666666667	1	0.666666666666667	1	0.684210526315789	1	0.666666666666667	1	0.744186046511628	1	0.745762711864407	0.745762711864407	1.4142135623731	0.333333333333333	0.333333333333333	0.315789473684211	0.333333333333333	0.255813953488372	0.359545820942312	0	4	8	13	18	32	44	0	0	0	0	0	0	15	0	2	4	6	9	11	15	0	0	0	0	0	0	0	0	0.8	0.8	0.8125	0.8	0.853333333333333	0.745762711864407
046_filt.comp	0	0	0.428571428571429	1	0.692307692307692	1	0.6	1	0.689655172413793	1	0.634146341463415	1	0.56140350877193	0.711111111111111	1.4142135623731	0.571428571428571	0.307692307692308	0.4	0.310344827586207	0.365853658536585	0.525189177574168	0	3	9	12	20	26	32	0	0	0	0	0	0	13	0	4	4	8	9	15	25	0	0	0	0	0	0	0	0	0.6	0.818181818181818	0.75	0.816326530612245	0.776119402985075	0.627450980392157
047_filt.comp	0	0	0.833333333333333	1	0.666666666666667	1	0.823529411764706	1	0.833333333333333	0.952380952380952	0.823529411764706	0.96551724137931	0.714285714285714	0.795454545454545	1.4142135623731	0.166666666666667	0.333333333333333	0.176470588235294	0.173335949744774	0.179808034175905	0.351385110721031	0	5	8	14	20	28	35	0	0	0	0	1	1	9	0	1	4	3	4	6	14	0	0	0	0	0	0	0	0	0.909090909090909	0.8	0.903225806451613	0.888888888888889	0.888888888888889	0.752688172043011
048_filt.comp	0	0	0.571428571428571	1	0.666666666666667	1	0.785714285714286	1	0.944444444444444	1	0.954545454545455	1	0.75	0.75	1.4142135623731	0.428571428571429	0.333333333333333	0.214285714285714	0.0555555555555556	0.0454545454545454	0.353553390593274	0	4	8	11	17	21	18	0	0	0	0	0	0	6	0	3	4	3	1	1	6	0	0	0	0	0	0	0	0	0.727272727272727	0.8	0.88	0.971428571428572	0.976744186046512	0.75
049_filt.comp	0	0	0.714285714285714	1	0.692307692307692	1	0.65	1	0.851851851851852	1	0.82051282051282	1	0.759259259259259	0.82	1.4142135623731	0.285714285714286	0.307692307692308	0.35	0.148148148148148	0.17948717948718	0.300592921161495	0	5	9	13	23	32	41	0	0	0	0	0	0	9	0	2	4	7	4	7	13	0	0	0	0	0	0	0	0	0.833333333333333	0.818181818181818	0.787878787878788	0.92	0.901408450704225	0.788461538461539
050_filt.comp	0	0	0	0	0.333333333333333	1	0.6	1	0.75	1	0.769230769230769	1	0.8	0.923076923076923	1.4142135623731	1.4142135623731	0.666666666666667	0.4	0.25	0.230769230769231	0.214282896572063	0	0	3	6	9	10	12	0	0	0	0	0	0	1	0	0	6	4	3	3	3	0	0	0	0	0	0	0	0	0	0.5	0.75	0.857142857142857	0.869565217391304	0.857142857142857
051_filt.comp	0	0	0.5	1	0.4	1	0.571428571428571	0.888888888888889	0.722222222222222	0.928571428571429	0.8	0.952380952380952	0.71875	0.821428571428571	1.4142135623731	0.5	0.6	0.442740497808932	0.286814460310995	0.205590791856409	0.333150592978672	0	3	4	8	13	20	23	0	0	0	1	1	1	5	0	3	6	6	5	5	9	0	0	0	0	0	0	0	0	0.666666666666667	0.571428571428571	0.695652173913043	0.8125	0.869565217391304	0.766666666666667
052_filt.comp	0	0	0	0	0.4	1	0.625	1	0.666666666666667	1	0.782608695652174	0.947368421052632	0.633333333333333	0.730769230769231	1.4142135623731	1.4142135623731	0.6	0.375	0.333333333333333	0.223671773607092	0.454895209410955	0	0	4	10	12	18	19	0	0	0	0	0	1	7	0	0	6	6	6	5	11	0	0	0	0	0	0	0	0	0	0.571428571428571	0.769230769230769	0.8	0.857142857142857	0.678571428571428
053_filt.comp	0	0	0.428571428571429	1	0.538461538461538	1	0.6	1	0.633333333333333	1	0.617021276595745	1	0.514705882352941	0.795454545454545	1.4142135623731	0.571428571428571	0.461538461538462	0.4	0.366666666666667	0.382978723404255	0.526639557570492	0	3	7	12	19	29	35	0	0	0	0	0	0	9	0	4	6	8	11	18	33	0	0	0	0	0	0	0	0	0.6	0.7	0.75	0.775510204081633	0.763157894736842	0.625
054_filt.comp	0	0	0.857142857142857	1	0.846153846153846	1	0.842105263157895	1	0.892857142857143	1	0.863636363636364	1	0.737704918032787	0.714285714285714	1.4142135623731	0.142857142857143	0.153846153846154	0.157894736842105	0.107142857142857	0.136363636363636	0.387854822176303	0	6	11	16	25	38	45	0	0	0	0	0	0	18	0	1	2	3	3	6	16	0	0	0	0	0	0	0	0	0.923076923076923	0.916666666666667	0.914285714285714	0.943396226415094	0.926829268292683	0.725806451612903
055_filt.comp	0	0	0.2	1	0.363636363636364	1	0.588235294117647	1	0.80952380952381	1	0.724137931034483	0.954545454545455	0.65625	0.777777777777778	1.4142135623731	0.8	0.636363636363636	0.411764705882353	0.19047619047619	0.279581824867811	0.409324783697961	0	1	4	10	17	21	21	0	0	0	0	0	1	6	0	4	7	7	4	8	11	0	0	0	0	0	0	0	0	0.333333333333333	0.533333333333333	0.740740740740741	0.894736842105263	0.823529411764706	0.711864406779661
056_filt.comp	0	0	0.428571428571429	1	0.538461538461538	1	0.55	1	0.761904761904762	1	0.862068965517241	1	0.676470588235294	0.741935483870968	1.4142135623731	0.571428571428571	0.461538461538462	0.45	0.238095238095238	0.137931034482759	0.413846076170511	0	3	7	11	16	25	23	0	0	0	0	0	0	8	0	4	6	9	5	4	11	0	0	0	0	0	0	0	0	0.6	0.7	0.709677419354839	0.864864864864865	0.925925925925926	0.707692307692308
057_filt.comp	0	0	0	0	0.384615384615385	1	0.555555555555556	1	0.681818181818182	0.9375	0.625	1	0.419354838709677	0.541666666666667	1.4142135623731	1.4142135623731	0.615384615384615	0.444444444444444	0.324262115304097	0.375	0.739742014336288	0	0	5	10	15	15	13	0	0	0	0	1	0	11	0	0	8	8	7	9	18	0	0	0	0	0	0	0	0	0	0.555555555555556	0.714285714285714	0.789473684210526	0.769230769230769	0.472727272727273
058_filt.comp	0	0	0.666666666666667	1	0.625	1	0.818181818181818	1	0.857142857142857	1	0.826086956521739	1	0.794117647058823	0.818181818181818	1.4142135623731	0.333333333333333	0.375	0.181818181818182	0.142857142857143	0.173913043478261	0.274673250412676	0	4	5	9	12	19	27	0	0	0	0	0	0	6	0	2	3	2	2	4	7	0	0	0	0	0	0	0	0	0.8	0.769230769230769	0.9	0.923076923076923	0.904761904761905	0.805970149253731
059_filt.comp	0	0	0.2	1	0.571428571428571	1	0.75	1	1	1	1	1	0.875	0.777777777777778	1.4142135623731	0.8	0.428571428571429	0.25	0	0	0.254966107648414	0	1	4	6	8	8	7	0	0	0	0	0	0	2	0	4	3	2	0	0	1	0	0	0	0	0	0	0	0	0.333333333333333	0.727272727272727	0.857142857142857	1	1	0.823529411764706
060_filt.comp	0	0	0.5	1	0.75	1	0.777777777777778	1	0.888888888888889	1	0.75	1	0.650793650793651	0.788461538461538	1.4142135623731	0.5	0.25	0.222222222222222	0.111111111111111	0.25	0.40828126951415	0	3	9	14	24	33	41	0	0	0	0	0	0	11	0	3	3	4	3	11	22	0	0	0	0	0	0	0	0	0.666666666666667	0.857142857142857	0.875	0.941176470588235	0.857142857142857	0.71304347826087
061_filt.comp	0	0	0.5	1	0.5	1	0.529411764705882	0.9	0.777777777777778	0.933333333333333	0.695652173913043	0.941176470588235	0.571428571428571	0.8	1.4142135623731	0.5	0.5	0.481095923072761	0.232006811309123	0.309980333015359	0.472941295921339	0	3	6	9	14	16	16	0	0	0	1	1	1	4	0	3	6	8	4	7	12	0	0	0	0	0	0	0	0	0.666666666666667	0.666666666666667	0.666666666666667	0.848484848484849	0.8	0.666666666666667
062_filt.comp	0	0	0.4	1	0.5	1	0.636363636363636	1	0.916666666666667	1	0.8125	1	0.75	0.8	1.4142135623731	0.6	0.5	0.363636363636364	0.0833333333333334	0.1875	0.320156211871642	0	2	5	7	11	13	12	0	0	0	0	0	0	3	0	3	5	4	1	3	4	0	0	0	0	0	0	0	0	0.571428571428571	0.666666666666667	0.777777777777778	0.956521739130435	0.896551724137931	0.774193548387097
063_filt.comp	0	0	0.714285714285714	1	0.846153846153846	1	0.75	1	0.793103448275862	1	0.780487804878049	1	0.677966101694915	0.714285714285714	1.4142135623731	0.285714285714286	0.153846153846154	0.25	0.206896551724138	0.219512195121951	0.430509564027089	0	5	11	15	23	32	40	0	0	0	0	0	0	16	0	2	2	5	6	9	19	0	0	0	0	0	0	0	0	0.833333333333333	0.916666666666667	0.857142857142857	0.884615384615384	0.876712328767123	0.695652173913043
064_filt.comp	0	0	0.2	1	0.454545454545455	1	0.571428571428571	1	0.8125	1	0.791666666666667	1	0.75	0.636363636363636	1.4142135623731	0.8	0.545454545454545	0.428571428571429	0.1875	0.208333333333333	0.441283814521536	0	1	5	8	13	19	21	0	0	0	0	0	0	12	0	4	6	6	3	5	7	0	0	0	0	0	0	0	0	0.333333333333333	0.625	0.727272727272727	0.896551724137931	0.883720930232558	0.688524590163934
065_filt.comp	0	0	0	0	0	0	0.0909090909090909	1	0.166666666666667	1	0.3125	1	0.5	0.75	1.4142135623731	1.4142135623731	1.4142135623731	0.909090909090909	0.833333333333333	0.6875	0.559016994374947	0	0	0	1	2	5	9	0	0	0	0	0	0	3	0	0	0	10	10	11	9	0	0	0	0	0	0	0	0	0	0	0.166666666666667	0.285714285714286	0.476190476190476	0.6
066_filt.comp	0	0	0	0	0.333333333333333	1	0.666666666666667	1	0.666666666666667	1	0.666666666666667	1	0.666666666666667	1	1.4142135623731	1.4142135623731	0.666666666666667	0.333333333333333	0.333333333333333	0.333333333333333	0.333333333333333	0	0	1	2	2	2	2	0	0	0	0	0	0	0	0	0	2	1	1	1	1	0	0	0	0	0	0	0	0	0	0.5	0.8	0.8	0.8	0.8
067_filt.comp	0	0	0	0	0.375	1	0.666666666666667	1	0.714285714285714	1	0.666666666666667	1	0.714285714285714	0.833333333333333	1.4142135623731	1.4142135623731	0.625	0.333333333333333	0.285714285714286	0.333333333333333	0.330772475939281	0	0	3	8	10	12	15	0	0	0	0	0	0	3	0	0	5	4	4	6	6	0	0	0	0	0	0	0	0	0	0.545454545454546	0.8	0.833333333333333	0.8	0.769230769230769
068_filt.comp	0	0	0.714285714285714	1	0.75	1	0.736842105263158	1	0.827586206896552	1	0.85	1	0.763636363636364	0.807692307692308	1.4142135623731	0.285714285714286	0.25	0.263157894736842	0.172413793103448	0.15	0.304713007788889	0	5	9	14	24	34	42	0	0	0	0	0	0	10	0	2	3	5	5	6	13	0	0	0	0	0	0	0	0	0.833333333333333	0.857142857142857	0.848484848484849	0.905660377358491	0.918918918918919	0.785046728971963
069_filt.comp	0	0	0.714285714285714	1	0.769230769230769	1	0.7	1	0.758620689655172	0.956521739130435	0.704545454545455	0.96875	0.71875	0.73015873015873	1.4142135623731	0.285714285714286	0.230769230769231	0.3	0.24526379804363	0.297102593273354	0.3897638687841	0	5	10	14	22	31	46	0	0	0	0	1	1	17	0	2	3	6	7	13	18	0	0	0	0	0	0	0	0	0.833333333333333	0.869565217391304	0.823529411764706	0.846153846153846	0.815789473684211	0.724409448818898
070_filt.comp	0	0	0	0	0.375	1	0.727272727272727	1	0.846153846153846	1	0.928571428571429	1	0.9375	1	1.4142135623731	1.4142135623731	0.625	0.272727272727273	0.153846153846154	0.0714285714285714	0.0625	0	0	3	8	11	13	15	0	0	0	0	0	0	0	0	0	5	3	2	1	1	0	0	0	0	0	0	0	0	0	0.545454545454546	0.842105263157895	0.916666666666667	0.962962962962963	0.967741935483871
071_filt.comp	0	0	0	0	0.4	1	0.6	1	0.6	1	0.8	1	0.857142857142857	0.857142857142857	1.4142135623731	1.4142135623731	0.6	0.4	0.4	0.2	0.202030508910442	0	0	2	3	3	4	6	0	0	0	0	0	0	1	0	0	3	2	2	1	1	0	0	0	0	0	0	0	0	0	0.571428571428571	0.75	0.75	0.888888888888889	0.857142857142857
072_filt.comp	0	0	0.25	1	0.25	1	0.25	1	0.333333333333333	1	0.666666666666667	1	0.666666666666667	0.8	1.4142135623731	0.75	0.75	0.75	0.666666666666667	0.333333333333333	0.38873012632302	0	1	1	1	2	4	4	0	0	0	0	0	0	1	0	3	3	3	4	2	2	0	0	0	0	0	0	0	0	0.4	0.4	0.4	0.5	0.8	0.727272727272727
073_filt.comp	0	0	0	0	0.25	1	0.25	1	0.6	1	0.8	1	0.6	0.6	1.4142135623731	1.4142135623731	0.75	0.75	0.4	0.2	0.565685424949238	0	0	1	1	3	4	3	0	0	0	0	0	0	2	0	0	3	3	2	1	2	0	0	0	0	0	0	0	0	0	0.4	0.4	0.75	0.888888888888889	0.6
074_filt.comp	0	0	0.428571428571429	1	0.384615384615385	1	0.45	1	0.5	1	0.387755102040816	1	0.356164383561644	0.764705882352941	1.4142135623731	0.571428571428571	0.615384615384615	0.55	0.5	0.612244897959184	0.685483495639294	0	3	5	9	15	19	26	0	0	0	0	0	0	8	0	4	8	11	15	30	47	0	0	0	0	0	0	0	0	0.6	0.555555555555556	0.620689655172414	0.666666666666667	0.558823529411765	0.485981308411215
075_filt.comp	0	0	0	0	0.25	1	0.6	1	0.7	1	0.545454545454545	0.857142857142857	0.583333333333333	0.7	1.4142135623731	1.4142135623731	0.75	0.4	0.3	0.476465878645302	0.513430726691645	0	0	2	6	7	6	7	0	0	0	0	0	1	3	0	0	6	4	3	5	5	0	0	0	0	0	0	0	0	0	0.4	0.75	0.823529411764706	0.666666666666667	0.636363636363636
076_filt.comp	0	0	0.333333333333333	1	0.454545454545455	1	0.615384615384615	1	0.647058823529412	1	0.789473684210526	1	0.80952380952381	0.944444444444444	1.4142135623731	0.666666666666667	0.545454545454545	0.384615384615385	0.352941176470588	0.210526315789474	0.198412698412698	0	2	5	8	11	15	17	0	0	0	0	0	0	1	0	4	6	5	6	4	4	0	0	0	0	0	0	0	0	0.5	0.625	0.761904761904762	0.785714285714286	0.882352941176471	0.871794871794872
077_filt.comp	0	0	0.428571428571429	1	0.461538461538462	1	0.45	1	0.517241379310345	1	0.431818181818182	1	0.393939393939394	0.764705882352941	1.4142135623731	0.571428571428571	0.538461538461538	0.55	0.482758620689655	0.568181818181818	0.650132894120777	0	3	6	9	15	19	26	0	0	0	0	0	0	8	0	4	7	11	14	25	40	0	0	0	0	0	0	0	0	0.6	0.631578947368421	0.620689655172414	0.681818181818182	0.603174603174603	0.52
078_filt.comp	0	0	0.571428571428571	1	0.615384615384615	1	0.55	1	0.769230769230769	1	0.735294117647059	1	0.608695652173913	0.756756756756757	1.4142135623731	0.428571428571429	0.384615384615385	0.45	0.230769230769231	0.264705882352941	0.460745448171863	0	4	8	11	20	25	28	0	0	0	0	0	0	9	0	3	5	9	6	9	18	0	0	0	0	0	0	0	0	0.727272727272727	0.761904761904762	0.709677419354839	0.869565217391304	0.847457627118644	0.674698795180723
079_filt.comp	0	0	0.428571428571429	1	0.769230769230769	1	0.789473684210526	1	0.821428571428571	1	0.717391304347826	1	0.686567164179104	0.766666666666667	1.4142135623731	0.571428571428571	0.230769230769231	0.210526315789474	0.178571428571429	0.282608695652174	0.390748751776858	0	3	10	15	23	33	46	0	0	0	0	0	0	14	0	4	3	4	5	13	21	0	0	0	0	0	0	0	0	0.6	0.869565217391304	0.882352941176471	0.901960784313726	0.835443037974684	0.724409448818898
080_filt.comp	0	0	0.166666666666667	1	0.181818181818182	1	0.3125	1	0.5	1	0.517241379310345	1	0.457142857142857	0.8	1.4142135623731	0.833333333333333	0.818181818181818	0.6875	0.5	0.482758620689655	0.578527335180474	0	1	2	5	11	15	16	0	0	0	0	0	0	4	0	5	9	11	11	14	19	0	0	0	0	0	0	0	0	0.285714285714286	0.307692307692308	0.476190476190476	0.666666666666667	0.681818181818182	0.581818181818182
081_filt.comp	0	0	0.166666666666667	1	0.454545454545455	1	0.588235294117647	1	0.8	0.941176470588235	0.75	0.947368421052632	0.615384615384615	0.761904761904762	1.4142135623731	0.833333333333333	0.545454545454545	0.411764705882353	0.208471119372581	0.255480103144047	0.452347583708003	0	1	5	10	16	18	16	0	0	0	0	1	1	5	0	5	6	7	4	6	10	0	0	0	0	0	0	0	0	0.285714285714286	0.625	0.740740740740741	0.864864864864865	0.837209302325581	0.680851063829787
082_filt.comp	0	0	0.666666666666667	1	0.636363636363636	1	0.764705882352941	1	0.916666666666667	1	0.787878787878788	1	0.8	0.837209302325581	1.4142135623731	0.333333333333333	0.363636363636364	0.235294117647059	0.0833333333333334	0.212121212121212	0.257877512104728	0	4	7	13	22	26	36	0	0	0	0	0	0	7	0	2	4	4	2	7	9	0	0	0	0	0	0	0	0	0.8	0.777777777777778	0.866666666666667	0.956521739130435	0.88135593220339	0.818181818181818
083_filt.comp	0	0	0	0	0.166666666666667	1	0.285714285714286	1	0.666666666666667	1	0.7	1	0.7	0.875	1.4142135623731	1.4142135623731	0.833333333333333	0.714285714285714	0.333333333333333	0.3	0.325	0	0	1	2	6	7	7	0	0	0	0	0	0	1	0	0	5	5	3	3	3	0	0	0	0	0	0	0	0	0	0.285714285714286	0.444444444444444	0.8	0.823529411764706	0.777777777777778
084_filt.comp	0	0	0.666666666666667	1	0.666666666666667	1	0.764705882352941	1	0.80952380952381	1	0.814814814814815	1	0.694444444444444	0.714285714285714	1.4142135623731	0.333333333333333	0.333333333333333	0.235294117647059	0.19047619047619	0.185185185185185	0.418326248987664	0	4	8	13	17	22	25	0	0	0	0	0	0	10	0	2	4	4	4	5	11	0	0	0	0	0	0	0	0	0.8	0.8	0.866666666666667	0.894736842105263	0.897959183673469	0.704225352112676
085_filt.comp	0	0	0.4	1	0.727272727272727	1	0.705882352941177	1	0.791666666666667	1	0.787878787878788	0.962962962962963	0.707317073170732	0.783783783783784	1.4142135623731	0.6	0.272727272727273	0.294117647058823	0.208333333333333	0.215330329364572	0.363885624629779	0	2	8	12	19	26	29	0	0	0	0	0	1	8	0	3	3	5	5	7	12	0	0	0	0	0	0	0	0	0.571428571428571	0.842105263157895	0.827586206896552	0.883720930232558	0.866666666666667	0.743589743589744
086_filt.comp	0	0	0	0	0	0	0	0	1	1	1	1	1	1	1.4142135623731	1.4142135623731	1.4142135623731	1.4142135623731	0	0	0	0	0	0	0	1	1	1	0	0	0	0	0	0	0	0	0	0	0	0	0	0	0	0	0	0	0	0	0	0	0	0	0	1	1	1
087_filt.comp	0	0	0.4	1	0.555555555555556	1	0.6	1	0.769230769230769	1	0.625	1	0.523809523809524	0.846153846153846	1.4142135623731	0.6	0.444444444444444	0.4	0.230769230769231	0.375	0.500425827338844	0	2	5	6	10	10	11	0	0	0	0	0	0	2	0	3	4	4	3	6	10	0	0	0	0	0	0	0	0	0.571428571428571	0.714285714285714	0.75	0.869565217391304	0.769230769230769	0.647058823529412
088_filt.comp	0	0	0.666666666666667	1	0.5	1	0.578947368421053	1	0.653846153846154	0.944444444444444	0.684210526315789	0.962962962962963	0.714285714285714	0.714285714285714	1.4142135623731	0.333333333333333	0.5	0.421052631578947	0.350583663281943	0.31795398063593	0.404061017820884	0	4	6	11	17	26	40	0	0	0	0	1	1	16	0	2	6	8	9	12	16	0	0	0	0	0	0	0	0	0.8	0.666666666666667	0.733333333333333	0.772727272727273	0.8	0.714285714285714
089_filt.comp	0	0	0.2	1	0.6	1	0.714285714285714	0.909090909090909	0.736842105263158	0.875	0.714285714285714	0.882352941176471	0.636363636363636	0.736842105263158	1.4142135623731	0.8	0.4	0.299828477418576	0.29133670823006	0.308987837157147	0.448869115133804	0	1	6	10	14	15	14	0	0	0	1	2	2	5	0	4	4	4	5	6	8	0	0	0	0	0	0	0	0	0.333333333333333	0.75	0.8	0.8	0.789473684210526	0.682926829268293
090_filt.comp	0	0	0.4	1	0.375	1	0.583333333333333	1	0.625	0.909090909090909	0.7	0.933333333333333	0.782608695652174	0.9	1.4142135623731	0.6	0.625	0.416666666666667	0.385861973780674	0.30731814857643	0.239288485318557	0	2	3	7	10	14	18	0	0	0	0	1	1	2	0	3	5	5	6	6	5	0	0	0	0	0	0	0	0	0.571428571428571	0.545454545454546	0.736842105263158	0.740740740740741	0.8	0.837209302325581
091_filt.comp	0	0	0.2	1	0.25	1	0.545454545454545	0.857142857142857	0.75	0.9	0.833333333333333	0.909090909090909	0.692307692307692	0.75	1.4142135623731	0.8	0.75	0.476465878645302	0.269258240356725	0.189847940699116	0.396452464001698	0	1	2	6	9	10	9	0	0	0	1	1	1	3	0	4	6	5	3	2	4	0	0	0	0	0	0	0	0	0.333333333333333	0.4	0.666666666666667	0.818181818181818	0.869565217391304	0.72
092_filt.comp	0	0	0.333333333333333	1	0.5	1	0.611111111111111	1	0.62962962962963	1	0.55	1	0.436363636363636	0.75	1.4142135623731	0.666666666666667	0.5	0.388888888888889	0.37037037037037	0.45	0.616592207551493	0	2	6	11	17	22	24	0	0	0	0	0	0	8	0	4	6	7	10	18	31	0	0	0	0	0	0	0	0	0.5	0.666666666666667	0.758620689655172	0.772727272727273	0.709677419354839	0.551724137931034
093_filt.comp	0	0	0.2	1	0.428571428571429	1	0.625	1	0.727272727272727	1	0.833333333333333	1	0.846153846153846	0.785714285714286	1.4142135623731	0.8	0.571428571428571	0.375	0.272727272727273	0.166666666666667	0.263793491959512	0	1	3	5	8	10	11	0	0	0	0	0	0	3	0	4	4	3	3	2	2	0	0	0	0	0	0	0	0	0.333333333333333	0.6	0.769230769230769	0.842105263157895	0.909090909090909	0.814814814814815
094_filt.comp	0	0	0.166666666666667	1	0.25	1	0.384615384615385	1	0.352941176470588	1	0.56	1	0.741935483870968	0.884615384615385	1.4142135623731	0.833333333333333	0.75	0.615384615384615	0.647058823529412	0.44	0.282685167549285	0	1	3	5	6	14	23	0	0	0	0	0	0	3	0	5	9	8	11	11	8	0	0	0	0	0	0	0	0	0.285714285714286	0.4	0.555555555555556	0.521739130434783	0.717948717948718	0.807017543859649
095_filt.comp	0	0	0.285714285714286	1	0.363636363636364	1	0.666666666666667	1	0.764705882352941	1	0.761904761904762	1	0.695652173913043	0.842105263157895	1.4142135623731	0.714285714285714	0.636363636363636	0.333333333333333	0.235294117647059	0.238095238095238	0.342867827546263	0	2	4	10	13	16	16	0	0	0	0	0	0	3	0	5	7	5	4	5	7	0	0	0	0	0	0	0	0	0.444444444444444	0.533333333333333	0.8	0.866666666666667	0.864864864864865	0.761904761904762
096_filt.comp	0	0	0	0	0.166666666666667	1	0.333333333333333	1	0.666666666666667	1	0.666666666666667	1	0.666666666666667	1	1.4142135623731	1.4142135623731	0.833333333333333	0.666666666666667	0.333333333333333	0.333333333333333	0.333333333333333	0	0	1	2	4	4	4	0	0	0	0	0	0	0	0	0	5	4	2	2	2	0	0	0	0	0	0	0	0	0	0.285714285714286	0.5	0.8	0.8	0.8
097_filt.comp	0	0	0.428571428571429	1	0.384615384615385	1	0.4	1	0.333333333333333	1	0.306122448979592	1	0.309859154929577	0.6875	1.4142135623731	0.571428571428571	0.615384615384615	0.6	0.666666666666667	0.693877551020408	0.757595298318645	0	3	5	8	10	15	22	0	0	0	0	0	0	10	0	4	8	12	20	34	49	0	0	0	0	0	0	0	0	0.6	0.555555555555556	0.571428571428571	0.5	0.46875	0.427184466019418
098_filt.comp	0	0	0.714285714285714	1	0.769230769230769	1	0.789473684210526	1	0.923076923076923	1	0.942857142857143	1	0.767441860465116	0.785714285714286	1.4142135623731	0.285714285714286	0.230769230769231	0.210526315789474	0.0769230769230769	0.0571428571428572	0.31623038375663	0	5	10	15	24	33	33	0	0	0	0	0	0	9	0	2	3	4	2	2	10	0	0	0	0	0	0	0	0	0.833333333333333	0.869565217391304	0.882352941176471	0.96	0.970588235294118	0.776470588235294
099_filt.comp	0	0	0.571428571428571	1	0.692307692307692	1	0.7	1	0.833333333333333	1	0.8125	0.975	0.75	0.827586206896552	1.4142135623731	0.428571428571429	0.307692307692308	0.3	0.166666666666667	0.189159324380269	0.303688188858768	0	4	9	14	25	39	48	0	0	0	0	0	1	10	0	3	4	6	5	9	16	0	0	0	0	0	0	0	0	0.727272727272727	0.818181818181818	0.823529411764706	0.909090909090909	0.886363636363636	0.786885245901639
100_filt.comp	0	0	0.714285714285714	1	0.769230769230769	1	0.7	1	0.785714285714286	1	0.837209302325581	1	0.677966101694915	0.816326530612245	1.4142135623731	0.285714285714286	0.230769230769231	0.3	0.214285714285714	0.162790697674419	0.370731405487186	0	5	10	14	22	36	40	0	0	0	0	0	0	9	0	2	3	6	6	7	19	0	0	0	0	0	0	0	0	0.833333333333333	0.869565217391304	0.823529411764706	0.88	0.911392405063291	0.740740740740741
