Filename	Kingdom_SSV	Kingdom_PPV	Phylum_SSV	Phylum_PPV	Class_SSV	Class_PPV	Order_SSV	Order_PPV	Family_SSV	Family_PPV	Genus_SSV	Genus_PPV	Species_SSV	Species_PPV	Kingdom_Dist	Phylum_Dist	Class_Dist	Order_Dist	Family_Dist	Genus_Dist	Species_Dist	Kingdom_TP	Phylum_TP	Class_TP	Order_TP	Family_TP	Genus_TP	Species_TP	Kingdom_FP	Phylum_FP	Class_FP	Order_FP	Family_FP	Genus_FP	Species_FP	Kingdom_FN	Phylum_FN	Class_FN	Order_FN	Family_FN	Genus_FN	Species_FN	Kingdom_TN	Phylum_TN	Class_TN	Order_TN	Family_TN	Genus_TN	Species_TN	Kingdom_F1	Phylum_F1	Class_F1	Order_F1	Family_F1	Genus_F1	Species_F1
001_filt.comp	0	0	0.166666666666667	1	0.333333333333333	1	0.411764705882353	1	0.583333333333333	1	0.578947368421053	1	0.566037735849057	0.882352941176471	1.4142135623731	0.833333333333333	0.666666666666667	0.588235294117647	0.416666666666667	0.421052631578947	0.449626597474883	0	1	4	7	14	22	30	0	0	0	0	0	0	4	0	5	8	10	10	16	23	0	0	0	0	0	0	0	0	0.285714285714286	0.5	0.583333333333333	0.736842105263158	0.733333333333333	0.689655172413793
002_filt.comp	0	0	0.285714285714286	1	0.230769230769231	1	0.4	1	0.5	1	0.5	1	0.475409836065574	0.852941176470588	1.4142135623731	0.714285714285714	0.769230769230769	0.6	0.5	0.5	0.544812938240827	0	2	3	8	14	21	29	0	0	0	0	0	0	5	0	5	10	12	14	21	32	0	0	0	0	0	0	0	0	0.444444444444444	0.375	0.571428571428571	0.666666666666667	0.666666666666667	0.610526315789474
003_filt.comp	0	0	0.166666666666667	1	0.222222222222222	1	0.363636363636364	1	0.357142857142857	1	0.625	1	0.666666666666667	0.8	1.4142135623731	0.833333333333333	0.777777777777778	0.636363636363636	0.642857142857143	0.375	0.38873012632302	0	1	2	4	5	10	12	0	0	0	0	0	0	3	0	5	7	7	9	6	6	0	0	0	0	0	0	0	0	0.285714285714286	0.363636363636364	0.533333333333333	0.526315789473684	0.769230769230769	0.727272727272727
004_filt.comp	0	0	0.4	1	0.375	1	0.333333333333333	1	0.384615384615385	1	0.5	1	0.6	1	1.4142135623731	0.6	0.625	0.666666666666667	0.615384615384615	0.5	0.4	0	2	3	4	5	7	9	0	0	0	0	0	0	0	0	3	5	8	8	7	6	0	0	0	0	0	0	0	0	0.571428571428571	0.545454545454546	0.5	0.555555555555556	0.666666666666667	0.75
005_filt.comp	0	0	0.166666666666667	1	0.2	1	0.285714285714286	1	0.444444444444444	1	0.736842105263158	1	0.75	0.882352941176471	1.4142135623731	0.833333333333333	0.8	0.714285714285714	0.555555555555556	0.263157894736842	0.276298444530234	0	1	2	4	8	14	15	0	0	0	0	0	0	2	0	5	8	10	10	5	5	0	0	0	0	0	0	0	0	0.285714285714286	0.333333333333333	0.444444444444444	0.615384615384615	0.848484848484849	0.810810810810811
006_filt.comp	0	0	0.428571428571429	1	0.384615384615385	1	0.5	1	0.448275862068966	1	0.511111111111111	1	0.492063492063492	0.837837837837838	1.4142135623731	0.571428571428571	0.615384615384615	0.5	0.551724137931034	0.488888888888889	0.533194207519025	0	3	5	10	13	23	31	0	0	0	0	0	0	6	0	4	8	10	16	22	32	0	0	0	0	0	0	0	0	0.6	0.555555555555556	0.666666666666667	0.619047619047619	0.676470588235294	0.62
007_filt.comp	0	0	0	0	0.2	1	0.333333333333333	1	0.666666666666667	1	0.714285714285714	1	0.428571428571429	0.6	1.4142135623731	1.4142135623731	0.8	0.666666666666667	0.333333333333333	0.285714285714286	0.697517463756212	0	0	1	2	4	5	3	0	0	0	0	0	0	2	0	0	4	4	2	2	4	0	0	0	0	0	0	0	0	0	0.333333333333333	0.5	0.8	0.833333333333333	0.5
008_filt.comp	0	0	0	0	0	0	0	0	0.0344827586206897	1	0.186046511627907	1	0.283333333333333	0.894736842105263	1.4142135623731	1.4142135623731	1.4142135623731	1.4142135623731	0.96551724137931	0.813953488372093	0.724355881815757	0	0	0	0	1	8	17	0	0	0	0	0	0	2	0	0	0	0	28	35	43	0	0	0	0	0	0	0	0	0	0	0	0.0666666666666667	0.313725490196078	0.430379746835443
009_filt.comp	0	0	0.2	1	0.545454545454545	1	0.642857142857143	1	0.764705882352941	0.928571428571429	0.807692307692308	0.954545454545455	0.684210526315789	0.8125	1.4142135623731	0.8	0.454545454545455	0.357142857142857	0.245897056947891	0.197606589523703	0.367259093406481	0	1	6	9	13	21	26	0	0	0	0	1	1	6	0	4	5	5	4	5	12	0	0	0	0	0	0	0	0	0.333333333333333	0.705882352941176	0.782608695652174	0.838709677419355	0.875	0.742857142857143
010_filt.comp	0	0	0.166666666666667	1	0.166666666666667	1	0.142857142857143	1	0.285714285714286	1	0.571428571428571	1	0.714285714285714	1	1.4142135623731	0.833333333333333	0.833333333333333	0.857142857142857	0.714285714285714	0.428571428571429	0.285714285714286	0	1	1	1	2	4	5	0	0	0	0	0	0	0	0	5	5	6	5	3	2	0	0	0	0	0	0	0	0	0.285714285714286	0.285714285714286	0.25	0.444444444444444	0.727272727272727	0.833333333333333
011_filt.comp	0	0	0.166666666666667	1	0.272727272727273	1	0.352941176470588	1	0.48	1	0.586206896551724	1	0.514285714285714	0.857142857142857	1.4142135623731	0.833333333333333	0.727272727272727	0.647058823529412	0.52	0.413793103448276	0.506287004190553	0	1	3	6	12	17	18	0	0	0	0	0	0	3	0	5	8	11	13	12	17	0	0	0	0	0	0	0	0	0.285714285714286	0.428571428571429	0.521739130434783	0.648648648648649	0.739130434782609	0.642857142857143
012_filt.comp	0	0	0	0	0	0	0	0	1	1	1	1	1	1	1.4142135623731	1.4142135623731	1.4142135623731	1.4142135623731	0	0	0	0	0	0	0	1	1	1	0	0	0	0	0	0	0	0	0	0	0	0	0	0	0	0	0	0	0	0	0	0	0	0	0	1	1	1
013_filt.comp	0	0	0.2	1	0.142857142857143	1	0.111111111111111	1	0.4	1	0.384615384615385	1	0.4	1	1.4142135623731	0.8	0.857142857142857	0.888888888888889	0.6	0.615384615384615	0.6	0	1	1	1	4	5	6	0	0	0	0	0	0	0	0	4	6	8	6	8	9	0	0	0	0	0	0	0	0	0.333333333333333	0.25	0.2	0.571428571428571	0.555555555555556	0.571428571428571
014_filt.comp	0	0	0.142857142857143	1	0.153846153846154	1	0.357142857142857	1	0.4375	1	0.476190476190476	1	0.5	0.733333333333333	1.4142135623731	0.857142857142857	0.846153846153846	0.642857142857143	0.5625	0.523809523809524	0.566666666666667	0	1	2	5	7	10	11	0	0	0	0	0	0	4	0	6	11	9	9	11	11	0	0	0	0	0	0	0	0	0.25	0.266666666666667	0.526315789473684	0.608695652173913	0.645161290322581	0.594594594594595
015_filt.comp	0	0	0.142857142857143	1	0.230769230769231	1	0.3	1	0.52	1	0.588235294117647	1	0.522727272727273	0.793103448275862	1.4142135623731	0.857142857142857	0.769230769230769	0.7	0.48	0.411764705882353	0.5201878884727	0	1	3	6	13	20	23	0	0	0	0	0	0	6	0	6	10	14	12	14	21	0	0	0	0	0	0	0	0	0.25	0.375	0.461538461538461	0.684210526315789	0.740740740740741	0.63013698630137
016_filt.comp	0	0	0.2	1	0.25	1	0.222222222222222	1	0.3	1	0.818181818181818	0.9	0.833333333333333	0.909090909090909	1.4142135623731	0.8	0.75	0.777777777777778	0.7	0.20750385837297	0.189847940699116	0	1	2	2	3	9	10	0	0	0	0	0	1	1	0	4	6	7	7	2	2	0	0	0	0	0	0	0	0	0.333333333333333	0.4	0.363636363636364	0.461538461538461	0.857142857142857	0.869565217391304
017_filt.comp	0	0	0.333333333333333	1	0.416666666666667	1	0.473684210526316	1	0.692307692307692	1	0.75	1	0.659090909090909	0.852941176470588	1.4142135623731	0.666666666666667	0.583333333333333	0.526315789473684	0.307692307692308	0.25	0.371275242700503	0	2	5	9	18	27	29	0	0	0	0	0	0	5	0	4	7	10	8	9	15	0	0	0	0	0	0	0	0	0.5	0.588235294117647	0.642857142857143	0.818181818181818	0.857142857142857	0.743589743589744
018_filt.comp	0	0	0	0	0	0	0.181818181818182	1	0.428571428571429	1	0.5	1	0.647058823529412	0.846153846153846	1.4142135623731	1.4142135623731	1.4142135623731	0.818181818181818	0.571428571428571	0.5	0.385014432329098	0	0	0	2	6	7	11	0	0	0	0	0	0	2	0	0	0	9	8	7	6	0	0	0	0	0	0	0	0	0	0	0.307692307692308	0.6	0.666666666666667	0.733333333333333
019_filt.comp	0	0	0.2	1	0.125	1	0.3	1	0.428571428571429	1	0.5	1	0.5	0.888888888888889	1.4142135623731	0.8	0.875	0.7	0.571428571428571	0.5	0.512196914294049	0	1	1	3	6	7	8	0	0	0	0	0	0	1	0	4	7	7	8	7	8	0	0	0	0	0	0	0	0	0.333333333333333	0.222222222222222	0.461538461538461	0.6	0.666666666666667	0.64
020_filt.comp	0	0	0.333333333333333	1	0.333333333333333	1	0.411764705882353	1	0.619047619047619	1	0.655172413793103	1	0.666666666666667	0.916666666666667	1.4142135623731	0.666666666666667	0.666666666666667	0.588235294117647	0.380952380952381	0.344827586206897	0.343592135468138	0	2	4	7	13	19	22	0	0	0	0	0	0	2	0	4	8	10	8	10	11	0	0	0	0	0	0	0	0	0.5	0.5	0.583333333333333	0.764705882352941	0.791666666666667	0.771929824561404
021_filt.comp	0	0	0	0	0	0	0.142857142857143	1	0.333333333333333	1	0.444444444444444	1	0.5	1	1.4142135623731	1.4142135623731	1.4142135623731	0.857142857142857	0.666666666666667	0.555555555555556	0.5	0	0	0	2	5	8	10	0	0	0	0	0	0	0	0	0	0	12	10	10	10	0	0	0	0	0	0	0	0	0	0	0.25	0.5	0.615384615384615	0.666666666666667
022_filt.comp	0	0	0	0	0	0	0	0	0.4	1	0.8	1	0.833333333333333	1	1.4142135623731	1.4142135623731	1.4142135623731	1.4142135623731	0.6	0.2	0.166666666666667	0	0	0	0	2	4	5	0	0	0	0	0	0	0	0	0	0	0	3	1	1	0	0	0	0	0	0	0	0	0	0	0	0.571428571428571	0.888888888888889	0.909090909090909
023_filt.comp	0	0	0.142857142857143	1	0.230769230769231	1	0.315789473684211	1	0.521739130434783	1	0.558823529411765	1	0.533333333333333	0.96	1.4142135623731	0.857142857142857	0.769230769230769	0.684210526315789	0.478260869565217	0.441176470588235	0.468377815206675	0	1	3	6	12	19	24	0	0	0	0	0	0	1	0	6	10	13	11	15	21	0	0	0	0	0	0	0	0	0.25	0.375	0.48	0.685714285714286	0.716981132075472	0.685714285714286
024_filt.comp	0	0	0	0	0	0	0.2	1	0.2	1	0.6	1	0.6	1	1.4142135623731	1.4142135623731	1.4142135623731	0.8	0.8	0.4	0.4	0	0	0	1	1	3	3	0	0	0	0	0	0	0	0	0	0	4	4	2	2	0	0	0	0	0	0	0	0	0	0	0.333333333333333	0.333333333333333	0.75	0.75
025_filt.comp	0	0	0.166666666666667	1	0.363636363636364	1	0.470588235294118	1	0.52	1	0.794117647058823	1	0.681818181818182	0.909090909090909	1.4142135623731	0.833333333333333	0.636363636363636	0.529411764705882	0.48	0.205882352941177	0.330914085876387	0	1	4	8	13	27	30	0	0	0	0	0	0	3	0	5	7	9	12	7	14	0	0	0	0	0	0	0	0	0.285714285714286	0.533333333333333	0.64	0.684210526315789	0.885245901639344	0.779220779220779
026_filt.comp	0	0	0.166666666666667	1	0.25	1	0.4	1	0.6	1	0.739130434782609	1	0.580645161290323	0.75	1.4142135623731	0.833333333333333	0.75	0.6	0.4	0.260869565217391	0.488219705408558	0	1	3	6	12	17	18	0	0	0	0	0	0	6	0	5	9	9	8	6	13	0	0	0	0	0	0	0	0	0.285714285714286	0.4	0.571428571428571	0.75	0.85	0.654545454545455
027_filt.comp	0	0	0	0	0.166666666666667	1	0.125	1	0.5	1	0.444444444444444	1	0.444444444444444	0.8	1.4142135623731	1.4142135623731	0.833333333333333	0.875	0.5	0.555555555555556	0.590459122470508	0	0	1	1	4	4	4	0	0	0	0	0	0	1	0	0	5	7	4	5	5	0	0	0	0	0	0	0	0	0	0.285714285714286	0.222222222222222	0.666666666666667	0.615384615384615	0.571428571428571
028_filt.comp	0	0	0.2	1	0.285714285714286	1	0.428571428571429	1	0.777777777777778	1	0.777777777777778	1	0.777777777777778	0.777777777777778	1.4142135623731	0.8	0.714285714285714	0.571428571428571	0.222222222222222	0.222222222222222	0.314269680527354	0	1	2	3	7	7	7	0	0	0	0	0	0	2	0	4	5	4	2	2	2	0	0	0	0	0	0	0	0	0.333333333333333	0.444444444444444	0.6	0.875	0.875	0.777777777777778
029_filt.comp	0	0	0.142857142857143	1	0.153846153846154	1	0.157894736842105	1	0.214285714285714	1	0.227272727272727	1	0.147540983606557	0.818181818181818	1.4142135623731	0.857142857142857	0.846153846153846	0.842105263157895	0.785714285714286	0.772727272727273	0.871633079839301	0	1	2	3	6	10	9	0	0	0	0	0	0	2	0	6	11	16	22	34	52	0	0	0	0	0	0	0	0	0.25	0.266666666666667	0.272727272727273	0.352941176470588	0.37037037037037	0.25
030_filt.comp	0	0	0	0	0	0	0	0	0	0	0.104166666666667	1	0.173913043478261	0.857142857142857	1.4142135623731	1.4142135623731	1.4142135623731	1.4142135623731	1.4142135623731	0.895833333333333	0.838348270708931	0	0	0	0	0	5	12	0	0	0	0	0	0	2	0	0	0	0	0	43	57	0	0	0	0	0	0	0	0	0	0	0	0	0.188679245283019	0.289156626506024
031_filt.comp	0	0	0.285714285714286	1	0.333333333333333	1	0.411764705882353	1	0.739130434782609	1	0.724137931034483	1	0.628571428571429	0.846153846153846	1.4142135623731	0.714285714285714	0.666666666666667	0.588235294117647	0.260869565217391	0.275862068965517	0.402029629165219	0	2	4	7	17	21	22	0	0	0	0	0	0	4	0	5	8	10	6	8	13	0	0	0	0	0	0	0	0	0.444444444444444	0.5	0.583333333333333	0.85	0.84	0.721311475409836
032_filt.comp	0	0	0	0	0	0	0.666666666666667	1	0.666666666666667	1	0.666666666666667	1	0.333333333333333	0.25	1.4142135623731	1.4142135623731	1.4142135623731	0.333333333333333	0.333333333333333	0.333333333333333	1.00346621489936	0	0	0	2	2	2	1	0	0	0	0	0	0	3	0	0	0	1	1	1	2	0	0	0	0	0	0	0	0	0	0	0.8	0.8	0.8	0.285714285714286
033_filt.comp	0	0	0.285714285714286	1	0.333333333333333	1	0.5	1	0.714285714285714	1	0.526315789473684	1	0.625	0.882352941176471	1.4142135623731	0.714285714285714	0.666666666666667	0.5	0.285714285714286	0.473684210526316	0.393021412202728	0	2	3	6	10	10	15	0	0	0	0	0	0	2	0	5	6	6	4	9	9	0	0	0	0	0	0	0	0	0.444444444444444	0.5	0.666666666666667	0.833333333333333	0.689655172413793	0.731707317073171
034_filt.comp	0	0	0	0	0	0	0	0	0.25	1	0.5	1	0.5	1	1.4142135623731	1.4142135623731	1.4142135623731	1.4142135623731	0.75	0.5	0.5	0	0	0	0	1	2	2	0	0	0	0	0	0	0	0	0	0	0	3	2	2	0	0	0	0	0	0	0	0	0	0	0	0.4	0.666666666666667	0.666666666666667
035_filt.comp	0	0	0.2	1	0.166666666666667	1	0.125	1	0.5	1	0.5	1	0.272727272727273	0.5	1.4142135623731	0.8	0.833333333333333	0.875	0.5	0.5	0.882567629043073	0	1	1	1	5	5	3	0	0	0	0	0	0	3	0	4	5	7	5	5	8	0	0	0	0	0	0	0	0	0.333333333333333	0.285714285714286	0.222222222222222	0.666666666666667	0.666666666666667	0.352941176470588
036_filt.comp	0	0	0.2	1	0.285714285714286	1	0.4	1	0.666666666666667	1	0.625	1	0.5	0.75	1.4142135623731	0.8	0.714285714285714	0.6	0.333333333333333	0.375	0.559016994374947	0	1	2	4	8	10	12	0	0	0	0	0	0	4	0	4	5	6	4	6	12	0	0	0	0	0	0	0	0	0.333333333333333	0.444444444444444	0.571428571428571	0.8	0.769230769230769	0.6
037_filt.comp	0	0	0.333333333333333	1	0.3	1	0.5	1	0.75	1	0.714285714285714	1	0.64	1	1.4142135623731	0.666666666666667	0.7	0.5	0.25	0.285714285714286	0.36	0	2	3	7	12	15	16	0	0	0	0	0	0	0	0	4	7	7	4	6	9	0	0	0	0	0	0	0	0	0.5	0.461538461538461	0.666666666666667	0.857142857142857	0.833333333333333	0.780487804878049
038_filt.comp	0	0	0	0	0.230769230769231	1	0.4	1	0.482758620689655	1	0.565217391304348	1	0.521739130434783	0.878048780487805	1.4142135623731	1.4142135623731	0.769230769230769	0.6	0.517241379310345	0.434782608695652	0.493564138990861	0	0	3	8	14	26	36	0	0	0	0	0	0	5	0	0	10	12	15	20	33	0	0	0	0	0	0	0	0	0	0.375	0.571428571428571	0.651162790697674	0.722222222222222	0.654545454545455
039_filt.comp	0	0	0.142857142857143	1	0.307692307692308	1	0.444444444444444	1	0.555555555555556	1	0.666666666666667	1	0.527272727272727	0.852941176470588	1.4142135623731	0.857142857142857	0.692307692307692	0.555555555555556	0.444444444444444	0.333333333333333	0.495073097590669	0	1	4	8	15	26	29	0	0	0	0	0	0	5	0	6	9	10	12	13	26	0	0	0	0	0	0	0	0	0.25	0.470588235294118	0.615384615384615	0.714285714285714	0.8	0.651685393258427
040_filt.comp	0	0	0.166666666666667	1	0.444444444444444	1	0.454545454545455	1	0.6	1	0.647058823529412	1	0.666666666666667	0.823529411764706	1.4142135623731	0.833333333333333	0.555555555555556	0.545454545454545	0.4	0.352941176470588	0.377164393366105	0	1	4	5	9	11	14	0	0	0	0	0	0	3	0	5	5	6	6	6	7	0	0	0	0	0	0	0	0	0.285714285714286	0.615384615384615	0.625	0.75	0.785714285714286	0.736842105263158
041_filt.comp	0	0	0.142857142857143	1	0.230769230769231	1	0.45	1	0.517241379310345	1	0.520833333333333	1	0.485714285714286	0.829268292682927	1.4142135623731	0.857142857142857	0.769230769230769	0.55	0.482758620689655	0.479166666666667	0.541884777237532	0	1	3	9	15	25	34	0	0	0	0	0	0	7	0	6	10	11	14	23	36	0	0	0	0	0	0	0	0	0.25	0.375	0.620689655172414	0.681818181818182	0.684931506849315	0.612612612612613
043_filt.comp	0	0	0	0	0	0	0	0	0	0	0.0277777777777778	1	0.0416666666666667	1	1.4142135623731	1.4142135623731	1.4142135623731	1.4142135623731	1.4142135623731	0.972222222222222	0.958333333333333	0	0	0	0	0	1	2	0	0	0	0	0	0	0	0	0	0	0	0	35	46	0	0	0	0	0	0	0	0	0	0	0	0	0.0540540540540541	0.08
044_filt.comp	0	0	0.285714285714286	1	0.272727272727273	1	0.266666666666667	1	0.391304347826087	1	0.466666666666667	1	0.371428571428571	0.722222222222222	1.4142135623731	0.714285714285714	0.727272727272727	0.733333333333333	0.608695652173913	0.533333333333333	0.687213601905177	0	2	3	4	9	14	13	0	0	0	0	0	0	5	0	5	8	11	14	16	22	0	0	0	0	0	0	0	0	0.444444444444444	0.428571428571429	0.421052631578947	0.5625	0.636363636363636	0.490566037735849
045_filt.comp	0	0	0.333333333333333	1	0.416666666666667	1	0.473684210526316	1	0.592592592592593	1	0.697674418604651	1	0.677966101694915	0.851063829787234	1.4142135623731	0.666666666666667	0.583333333333333	0.526315789473684	0.407407407407407	0.302325581395349	0.354806728311648	0	2	5	9	16	30	40	0	0	0	0	0	0	7	0	4	7	10	11	13	19	0	0	0	0	0	0	0	0	0.5	0.588235294117647	0.642857142857143	0.744186046511628	0.821917808219178	0.754716981132075
046_filt.comp	0	0	0	0	0.307692307692308	1	0.3	1	0.551724137931034	1	0.585365853658537	1	0.473684210526316	0.818181818181818	1.4142135623731	1.4142135623731	0.692307692307692	0.7	0.448275862068966	0.414634146341463	0.556835847884255	0	0	4	6	16	24	27	0	0	0	0	0	0	6	0	0	9	14	13	17	30	0	0	0	0	0	0	0	0	0	0.470588235294118	0.461538461538461	0.711111111111111	0.738461538461538	0.6
047_filt.comp	0	0	0.166666666666667	1	0.25	1	0.529411764705882	1	0.625	1	0.735294117647059	0.961538461538462	0.551020408163265	0.84375	1.4142135623731	0.833333333333333	0.75	0.470588235294118	0.375	0.267485502584864	0.475391140415848	0	1	3	9	15	25	27	0	0	0	0	0	1	5	0	5	9	8	9	9	22	0	0	0	0	0	0	0	0	0.285714285714286	0.4	0.692307692307692	0.769230769230769	0.833333333333333	0.666666666666667
048_filt.comp	0	0	0.285714285714286	1	0.333333333333333	1	0.428571428571429	1	0.611111111111111	1	0.727272727272727	1	0.625	0.833333333333333	1.4142135623731	0.714285714285714	0.666666666666667	0.571428571428571	0.388888888888889	0.272727272727273	0.410369075074838	0	2	4	6	11	16	15	0	0	0	0	0	0	3	0	5	8	8	7	6	9	0	0	0	0	0	0	0	0	0.444444444444444	0.5	0.6	0.758620689655172	0.842105263157895	0.714285714285714
049_filt.comp	0	0	0.285714285714286	1	0.461538461538462	1	0.5	1	0.592592592592593	1	0.692307692307692	1	0.62962962962963	0.85	1.4142135623731	0.714285714285714	0.538461538461538	0.5	0.407407407407407	0.307692307692308	0.399592556547648	0	2	6	10	16	27	34	0	0	0	0	0	0	6	0	5	7	10	11	12	20	0	0	0	0	0	0	0	0	0.444444444444444	0.631578947368421	0.666666666666667	0.744186046511628	0.818181818181818	0.723404255319149
050_filt.comp	0	0	0	0	0.111111111111111	1	0.3	1	0.583333333333333	1	0.692307692307692	1	0.733333333333333	1	1.4142135623731	1.4142135623731	0.888888888888889	0.7	0.416666666666667	0.307692307692308	0.266666666666667	0	0	1	3	7	9	11	0	0	0	0	0	0	0	0	0	8	7	5	4	4	0	0	0	0	0	0	0	0	0	0.2	0.461538461538461	0.736842105263158	0.818181818181818	0.846153846153846
051_filt.comp	0	0	0.333333333333333	1	0.3	1	0.428571428571429	1	0.722222222222222	0.928571428571429	0.68	0.944444444444444	0.625	0.833333333333333	1.4142135623731	0.666666666666667	0.7	0.571428571428571	0.286814460310995	0.324786729644372	0.410369075074838	0	2	3	6	13	17	20	0	0	0	0	1	1	4	0	4	7	8	5	8	12	0	0	0	0	0	0	0	0	0.5	0.461538461538461	0.6	0.8125	0.790697674418605	0.714285714285714
052_filt.comp	0	0	0	0	0.2	1	0.375	1	0.5	1	0.521739130434783	0.923076923076923	0.433333333333333	0.764705882352941	1.4142135623731	1.4142135623731	0.8	0.625	0.5	0.484407492841091	0.613575124096813	0	0	2	6	9	12	13	0	0	0	0	0	1	4	0	0	8	10	9	11	17	0	0	0	0	0	0	0	0	0	0.333333333333333	0.545454545454546	0.666666666666667	0.666666666666667	0.553191489361702
053_filt.comp	0	0	0	0	0.153846153846154	1	0.25	1	0.433333333333333	1	0.51063829787234	1	0.441176470588235	0.833333333333333	1.4142135623731	1.4142135623731	0.846153846153846	0.75	0.566666666666667	0.48936170212766	0.583147935606394	0	0	2	5	13	24	30	0	0	0	0	0	0	6	0	0	11	15	17	23	38	0	0	0	0	0	0	0	0	0	0.266666666666667	0.4	0.604651162790698	0.676056338028169	0.576923076923077
054_filt.comp	0	0	0.428571428571429	1	0.538461538461538	1	0.684210526315789	1	0.678571428571429	1	0.681818181818182	1	0.622950819672131	0.826086956521739	1.4142135623731	0.571428571428571	0.461538461538462	0.315789473684211	0.321428571428571	0.318181818181818	0.415225036670224	0	3	7	13	19	30	38	0	0	0	0	0	0	8	0	4	6	6	9	14	23	0	0	0	0	0	0	0	0	0.6	0.7	0.8125	0.808510638297872	0.810810810810811	0.710280373831776
055_filt.comp	0	0	0.2	1	0.181818181818182	1	0.352941176470588	1	0.428571428571429	1	0.517241379310345	0.9375	0.5625	0.818181818181818	1.4142135623731	0.8	0.818181818181818	0.647058823529412	0.571428571428571	0.486787567477004	0.473776425373477	0	1	2	6	9	15	18	0	0	0	0	0	1	4	0	4	9	11	12	14	14	0	0	0	0	0	0	0	0	0.333333333333333	0.307692307692308	0.521739130434783	0.6	0.666666666666667	0.666666666666667
056_filt.comp	0	0	0.428571428571429	1	0.384615384615385	1	0.4	1	0.476190476190476	1	0.551724137931034	1	0.558823529411765	0.791666666666667	1.4142135623731	0.571428571428571	0.615384615384615	0.6	0.523809523809524	0.448275862068966	0.487892873465549	0	3	5	8	10	16	19	0	0	0	0	0	0	5	0	4	8	12	11	13	15	0	0	0	0	0	0	0	0	0.6	0.555555555555556	0.571428571428571	0.645161290322581	0.711111111111111	0.655172413793103
057_filt.comp	0	0	0	0	0.0769230769230769	1	0.222222222222222	1	0.409090909090909	1	0.5	1	0.32258064516129	0.666666666666667	1.4142135623731	1.4142135623731	0.923076923076923	0.777777777777778	0.590909090909091	0.5	0.754988803507181	0	0	1	4	9	12	10	0	0	0	0	0	0	5	0	0	12	14	13	12	21	0	0	0	0	0	0	0	0	0	0.142857142857143	0.363636363636364	0.580645161290323	0.666666666666667	0.434782608695652
058_filt.comp	0	0	0.333333333333333	1	0.625	1	0.636363636363636	1	0.785714285714286	1	0.695652173913043	1	0.705882352941177	0.857142857142857	1.4142135623731	0.666666666666667	0.375	0.363636363636364	0.214285714285714	0.304347826086957	0.326976074930147	0	2	5	7	11	16	24	0	0	0	0	0	0	4	0	4	3	4	3	7	10	0	0	0	0	0	0	0	0	0.5	0.769230769230769	0.777777777777778	0.88	0.82051282051282	0.774193548387097
059_filt.comp	0	0	0.2	1	0.428571428571429	1	0.5	1	0.625	1	0.75	1	0.875	0.875	1.4142135623731	0.8	0.571428571428571	0.5	0.375	0.25	0.176776695296637	0	1	3	4	5	6	7	0	0	0	0	0	0	1	0	4	4	4	3	2	1	0	0	0	0	0	0	0	0	0.333333333333333	0.6	0.666666666666667	0.769230769230769	0.857142857142857	0.875
060_filt.comp	0	0	0.166666666666667	1	0.25	1	0.5	1	0.666666666666667	1	0.636363636363636	1	0.555555555555556	0.853658536585366	1.4142135623731	0.833333333333333	0.75	0.5	0.333333333333333	0.363636363636364	0.467917394538681	0	1	3	9	18	28	35	0	0	0	0	0	0	6	0	5	9	9	9	16	28	0	0	0	0	0	0	0	0	0.285714285714286	0.4	0.666666666666667	0.8	0.777777777777778	0.673076923076923
061_filt.comp	0	0	0.166666666666667	1	0.25	1	0.352941176470588	1	0.5	1	0.565217391304348	1	0.428571428571429	0.857142857142857	1.4142135623731	0.833333333333333	0.75	0.647058823529412	0.5	0.434782608695652	0.589015089373952	0	1	3	6	9	13	12	0	0	0	0	0	0	2	0	5	9	11	9	10	16	0	0	0	0	0	0	0	0	0.285714285714286	0.4	0.521739130434783	0.666666666666667	0.722222222222222	0.571428571428571
062_filt.comp	0	0	0.2	1	0.3	1	0.545454545454545	1	0.666666666666667	1	0.5625	1	0.5	0.8	1.4142135623731	0.8	0.7	0.454545454545455	0.333333333333333	0.4375	0.53851648071345	0	1	3	6	8	9	8	0	0	0	0	0	0	2	0	4	7	5	4	7	8	0	0	0	0	0	0	0	0	0.333333333333333	0.461538461538461	0.705882352941176	0.8	0.72	0.615384615384615
063_filt.comp	0	0	0.285714285714286	1	0.384615384615385	1	0.5	1	0.551724137931034	1	0.560975609756098	1	0.525423728813559	0.794871794871795	1.4142135623731	0.714285714285714	0.615384615384615	0.5	0.448275862068966	0.439024390243902	0.517010848737573	0	2	5	10	16	23	31	0	0	0	0	0	0	8	0	5	8	10	13	18	28	0	0	0	0	0	0	0	0	0.444444444444444	0.555555555555556	0.666666666666667	0.711111111111111	0.71875	0.63265306122449
064_filt.comp	0	0	0.2	1	0.272727272727273	1	0.5	1	0.5625	1	0.583333333333333	1	0.571428571428571	0.8	1.4142135623731	0.8	0.727272727272727	0.5	0.4375	0.416666666666667	0.472941295921339	0	1	3	7	9	14	16	0	0	0	0	0	0	4	0	4	8	7	7	10	12	0	0	0	0	0	0	0	0	0.333333333333333	0.428571428571429	0.666666666666667	0.72	0.736842105263158	0.666666666666667
065_filt.comp	0	0	0	0	0	0	0	0	0	0	0.125	1	0.333333333333333	0.857142857142857	1.4142135623731	1.4142135623731	1.4142135623731	1.4142135623731	1.4142135623731	0.875	0.68180100301316	0	0	0	0	0	2	6	0	0	0	0	0	0	1	0	0	0	0	0	14	12	0	0	0	0	0	0	0	0	0	0	0	0	0.222222222222222	0.48
067_filt.comp	0	0	0	0	0.125	1	0.333333333333333	1	0.357142857142857	1	0.5	1	0.523809523809524	0.846153846153846	1.4142135623731	1.4142135623731	0.875	0.666666666666667	0.642857142857143	0.5	0.500425827338844	0	0	1	4	5	9	11	0	0	0	0	0	0	2	0	0	7	8	9	9	10	0	0	0	0	0	0	0	0	0	0.222222222222222	0.5	0.526315789473684	0.666666666666667	0.647058823529412
068_filt.comp	0	0	0.285714285714286	1	0.5	1	0.526315789473684	1	0.758620689655172	1	0.85	1	0.690909090909091	0.904761904761905	1.4142135623731	0.714285714285714	0.5	0.473684210526316	0.241379310344828	0.15	0.323430803831709	0	2	6	10	22	34	38	0	0	0	0	0	0	4	0	5	6	9	7	6	17	0	0	0	0	0	0	0	0	0.444444444444444	0.666666666666667	0.689655172413793	0.862745098039216	0.918918918918919	0.783505154639175
069_filt.comp	0	0	0.428571428571429	1	0.307692307692308	1	0.45	1	0.551724137931034	1	0.590909090909091	1	0.625	0.833333333333333	1.4142135623731	0.571428571428571	0.692307692307692	0.55	0.448275862068966	0.409090909090909	0.410369075074838	0	3	4	9	16	26	40	0	0	0	0	0	0	8	0	4	9	11	13	18	24	0	0	0	0	0	0	0	0	0.6	0.470588235294118	0.620689655172414	0.711111111111111	0.742857142857143	0.714285714285714
070_filt.comp	0	0	0	0	0.125	1	0.272727272727273	1	0.461538461538462	1	0.714285714285714	1	0.8125	1	1.4142135623731	1.4142135623731	0.875	0.727272727272727	0.538461538461538	0.285714285714286	0.1875	0	0	1	3	6	10	13	0	0	0	0	0	0	0	0	0	7	8	7	4	3	0	0	0	0	0	0	0	0	0	0.222222222222222	0.428571428571429	0.631578947368421	0.833333333333333	0.896551724137931
071_filt.comp	0	0	0	0	0.2	1	0.4	1	0.6	1	0.8	1	0.714285714285714	1	1.4142135623731	1.4142135623731	0.8	0.6	0.4	0.2	0.285714285714286	0	0	1	2	3	4	5	0	0	0	0	0	0	0	0	0	4	3	2	1	2	0	0	0	0	0	0	0	0	0	0.333333333333333	0.571428571428571	0.75	0.888888888888889	0.833333333333333
072_filt.comp	0	0	0.25	1	0.25	1	0.25	1	0.166666666666667	1	0.333333333333333	1	0.666666666666667	0.8	1.4142135623731	0.75	0.75	0.75	0.833333333333333	0.666666666666667	0.38873012632302	0	1	1	1	1	2	4	0	0	0	0	0	0	1	0	3	3	3	5	4	2	0	0	0	0	0	0	0	0	0.4	0.4	0.4	0.285714285714286	0.5	0.727272727272727
073_filt.comp	0	0	0	0	0	0	0	0	0.2	1	0.6	1	0.6	0.75	1.4142135623731	1.4142135623731	1.4142135623731	1.4142135623731	0.8	0.4	0.47169905660283	0	0	0	0	1	3	3	0	0	0	0	0	0	1	0	0	0	0	4	2	2	0	0	0	0	0	0	0	0	0	0	0	0.333333333333333	0.75	0.666666666666667
074_filt.comp	0	0	0.142857142857143	1	0.307692307692308	1	0.3	1	0.366666666666667	1	0.285714285714286	1	0.273972602739726	0.8	1.4142135623731	0.857142857142857	0.692307692307692	0.7	0.633333333333333	0.714285714285714	0.753070900760697	0	1	4	6	11	14	20	0	0	0	0	0	0	5	0	6	9	14	19	35	53	0	0	0	0	0	0	0	0	0.25	0.470588235294118	0.461538461538461	0.536585365853658	0.444444444444444	0.408163265306122
075_filt.comp	0	0	0	0	0	0	0.4	1	0.6	1	0.545454545454545	1	0.416666666666667	1	1.4142135623731	1.4142135623731	1.4142135623731	0.6	0.4	0.454545454545455	0.583333333333333	0	0	0	4	6	6	5	0	0	0	0	0	0	0	0	0	0	6	4	5	7	0	0	0	0	0	0	0	0	0	0	0.571428571428571	0.75	0.705882352941176	0.588235294117647
076_filt.comp	0	0	0.166666666666667	1	0.272727272727273	1	0.384615384615385	1	0.588235294117647	1	0.684210526315789	1	0.666666666666667	0.933333333333333	1.4142135623731	0.833333333333333	0.727272727272727	0.615384615384615	0.411764705882353	0.315789473684211	0.339934634239519	0	1	3	5	10	13	14	0	0	0	0	0	0	1	0	5	8	8	7	6	7	0	0	0	0	0	0	0	0	0.285714285714286	0.428571428571429	0.555555555555556	0.740740740740741	0.8125	0.777777777777778
077_filt.comp	0	0	0.142857142857143	1	0.307692307692308	1	0.4	1	0.482758620689655	1	0.363636363636364	1	0.303030303030303	0.8	1.4142135623731	0.857142857142857	0.692307692307692	0.6	0.517241379310345	0.636363636363636	0.72509775788788	0	1	4	8	14	16	20	0	0	0	0	0	0	5	0	6	9	12	15	28	46	0	0	0	0	0	0	0	0	0.25	0.470588235294118	0.571428571428571	0.651162790697674	0.533333333333333	0.43956043956044
078_filt.comp	0	0	0.285714285714286	1	0.384615384615385	1	0.25	1	0.538461538461538	1	0.647058823529412	1	0.543478260869565	0.833333333333333	1.4142135623731	0.714285714285714	0.615384615384615	0.75	0.461538461538462	0.352941176470588	0.485993699626296	0	2	5	5	14	22	25	0	0	0	0	0	0	5	0	5	8	15	12	12	21	0	0	0	0	0	0	0	0	0.444444444444444	0.555555555555556	0.4	0.7	0.785714285714286	0.657894736842105
079_filt.comp	0	0	0.285714285714286	1	0.307692307692308	1	0.421052631578947	1	0.678571428571429	1	0.695652173913043	1	0.611940298507463	0.854166666666667	1.4142135623731	0.714285714285714	0.692307692307692	0.578947368421053	0.321428571428571	0.304347826086957	0.414557225282093	0	2	4	8	19	32	41	0	0	0	0	0	0	7	0	5	9	11	9	14	26	0	0	0	0	0	0	0	0	0.444444444444444	0.470588235294118	0.592592592592593	0.808510638297872	0.82051282051282	0.713043478260869
080_filt.comp	0	0	0	0	0.0909090909090909	1	0.125	1	0.181818181818182	1	0.241379310344828	1	0.314285714285714	0.785714285714286	1.4142135623731	1.4142135623731	0.909090909090909	0.875	0.818181818181818	0.758620689655172	0.71841662632458	0	0	1	2	4	7	11	0	0	0	0	0	0	3	0	0	10	14	18	22	24	0	0	0	0	0	0	0	0	0	0.166666666666667	0.222222222222222	0.307692307692308	0.388888888888889	0.448979591836735
081_filt.comp	0	0	0	0	0.272727272727273	1	0.235294117647059	1	0.45	1	0.625	1	0.576923076923077	0.789473684210526	1.4142135623731	1.4142135623731	0.727272727272727	0.764705882352941	0.55	0.375	0.47256260165202	0	0	3	4	9	15	15	0	0	0	0	0	0	4	0	0	8	13	11	9	11	0	0	0	0	0	0	0	0	0	0.428571428571429	0.380952380952381	0.620689655172414	0.769230769230769	0.666666666666667
082_filt.comp	0	0	0.333333333333333	1	0.454545454545455	1	0.470588235294118	1	0.666666666666667	1	0.666666666666667	1	0.666666666666667	0.857142857142857	1.4142135623731	0.666666666666667	0.545454545454545	0.529411764705882	0.333333333333333	0.333333333333333	0.362655862183996	0	2	5	8	16	22	30	0	0	0	0	0	0	5	0	4	6	9	8	11	15	0	0	0	0	0	0	0	0	0.5	0.625	0.64	0.8	0.8	0.75
083_filt.comp	0	0	0	0	0	0	0.142857142857143	1	0.222222222222222	1	0.3	1	0.6	0.857142857142857	1.4142135623731	1.4142135623731	1.4142135623731	0.857142857142857	0.777777777777778	0.7	0.424744821351957	0	0	0	1	2	3	6	0	0	0	0	0	0	1	0	0	0	6	7	7	4	0	0	0	0	0	0	0	0	0	0	0.25	0.363636363636364	0.461538461538461	0.705882352941176
084_filt.comp	0	0	0.166666666666667	1	0.333333333333333	1	0.529411764705882	1	0.619047619047619	1	0.703703703703704	1	0.583333333333333	0.84	1.4142135623731	0.833333333333333	0.666666666666667	0.470588235294118	0.380952380952381	0.296296296296296	0.446330719434716	0	1	4	9	13	19	21	0	0	0	0	0	0	4	0	5	8	8	8	8	15	0	0	0	0	0	0	0	0	0.285714285714286	0.5	0.692307692307692	0.764705882352941	0.826086956521739	0.688524590163934
085_filt.comp	0	0	0.2	1	0.454545454545455	1	0.411764705882353	1	0.625	1	0.696969696969697	1	0.585365853658537	0.857142857142857	1.4142135623731	0.8	0.545454545454545	0.588235294117647	0.375	0.303030303030303	0.438554031537301	0	1	5	7	15	23	24	0	0	0	0	0	0	4	0	4	6	10	9	10	17	0	0	0	0	0	0	0	0	0.333333333333333	0.625	0.583333333333333	0.769230769230769	0.821428571428571	0.695652173913043
087_filt.comp	0	0	0.2	1	0.333333333333333	1	0.4	1	0.538461538461538	1	0.5625	1	0.476190476190476	0.833333333333333	1.4142135623731	0.8	0.666666666666667	0.6	0.461538461538462	0.4375	0.549685541934057	0	1	3	4	7	9	10	0	0	0	0	0	0	2	0	4	6	6	6	7	11	0	0	0	0	0	0	0	0	0.333333333333333	0.5	0.571428571428571	0.7	0.72	0.606060606060606
088_filt.comp	0	0	0.166666666666667	1	0.25	1	0.315789473684211	1	0.461538461538462	1	0.605263157894737	1	0.625	0.897435897435897	1.4142135623731	0.833333333333333	0.75	0.684210526315789	0.538461538461538	0.394736842105263	0.388772935188112	0	1	3	6	12	23	35	0	0	0	0	0	0	4	0	5	9	13	14	15	21	0	0	0	0	0	0	0	0	0.285714285714286	0.4	0.48	0.631578947368421	0.754098360655738	0.736842105263158
089_filt.comp	0	0	0.2	1	0.1	1	0.285714285714286	1	0.526315789473684	1	0.523809523809524	1	0.409090909090909	0.75	1.4142135623731	0.8	0.9	0.714285714285714	0.473684210526316	0.476190476190476	0.641617918795141	0	1	1	4	10	11	9	0	0	0	0	0	0	3	0	4	9	10	9	10	13	0	0	0	0	0	0	0	0	0.333333333333333	0.181818181818182	0.444444444444444	0.689655172413793	0.6875	0.529411764705882
090_filt.comp	0	0	0.2	1	0.25	1	0.416666666666667	1	0.625	1	0.6	1	0.608695652173913	0.875	1.4142135623731	0.8	0.75	0.583333333333333	0.375	0.4	0.410784727841237	0	1	2	5	10	12	14	0	0	0	0	0	0	2	0	4	6	7	6	8	9	0	0	0	0	0	0	0	0	0.333333333333333	0.4	0.588235294117647	0.769230769230769	0.75	0.717948717948718
091_filt.comp	0	0	0	0	0.125	1	0.272727272727273	1	0.416666666666667	0.833333333333333	0.5	0.857142857142857	0.538461538461538	0.875	1.4142135623731	1.4142135623731	0.875	0.727272727272727	0.60667582410671	0.520007849234323	0.478166029198321	0	0	1	3	5	6	7	0	0	0	0	1	1	1	0	0	7	8	7	6	6	0	0	0	0	0	0	0	0	0	0.222222222222222	0.428571428571429	0.555555555555556	0.631578947368421	0.666666666666667
092_filt.comp	0	0	0.166666666666667	1	0.25	1	0.277777777777778	1	0.444444444444444	1	0.475	1	0.345454545454545	0.791666666666667	1.4142135623731	0.833333333333333	0.75	0.722222222222222	0.555555555555556	0.525	0.686900669561396	0	1	3	5	12	19	19	0	0	0	0	0	0	5	0	5	9	13	15	21	36	0	0	0	0	0	0	0	0	0.285714285714286	0.4	0.434782608695652	0.615384615384615	0.64406779661017	0.481012658227848
093_filt.comp	0	0	0.2	1	0.285714285714286	1	0.25	1	0.454545454545455	1	0.666666666666667	1	0.692307692307692	0.9	1.4142135623731	0.8	0.714285714285714	0.75	0.545454545454545	0.333333333333333	0.323534474535586	0	1	2	2	5	8	9	0	0	0	0	0	0	1	0	4	5	6	6	4	4	0	0	0	0	0	0	0	0	0.333333333333333	0.444444444444444	0.4	0.625	0.8	0.782608695652174
094_filt.comp	0	0	0.166666666666667	1	0.166666666666667	1	0.230769230769231	1	0.176470588235294	1	0.4	1	0.645161290322581	0.952380952380952	1.4142135623731	0.833333333333333	0.833333333333333	0.769230769230769	0.823529411764706	0.6	0.358019669266482	0	1	2	3	3	10	20	0	0	0	0	0	0	1	0	5	10	10	14	15	11	0	0	0	0	0	0	0	0	0.285714285714286	0.285714285714286	0.375	0.3	0.571428571428571	0.769230769230769
095_filt.comp	0	0	0.285714285714286	1	0.363636363636364	1	0.266666666666667	1	0.352941176470588	1	0.571428571428571	1	0.565217391304348	0.866666666666667	1.4142135623731	0.714285714285714	0.636363636363636	0.733333333333333	0.647058823529412	0.428571428571429	0.454767736984468	0	2	4	4	6	12	13	0	0	0	0	0	0	2	0	5	7	11	11	9	10	0	0	0	0	0	0	0	0	0.444444444444444	0.533333333333333	0.421052631578947	0.521739130434783	0.727272727272727	0.684210526315789
096_filt.comp	0	0	0	0	0	0	0	0	0.166666666666667	1	0.333333333333333	1	0.5	1	1.4142135623731	1.4142135623731	1.4142135623731	1.4142135623731	0.833333333333333	0.666666666666667	0.5	0	0	0	0	1	2	3	0	0	0	0	0	0	0	0	0	0	0	5	4	3	0	0	0	0	0	0	0	0	0	0	0	0.285714285714286	0.5	0.666666666666667
097_filt.comp	0	0	0.142857142857143	1	0.307692307692308	1	0.3	1	0.333333333333333	1	0.285714285714286	1	0.23943661971831	0.68	1.4142135623731	0.857142857142857	0.692307692307692	0.7	0.666666666666667	0.714285714285714	0.825140385283323	0	1	4	6	10	14	17	0	0	0	0	0	0	8	0	6	9	14	20	35	54	0	0	0	0	0	0	0	0	0.25	0.470588235294118	0.461538461538461	0.5	0.444444444444444	0.354166666666667
098_filt.comp	0	0	0.142857142857143	1	0.307692307692308	1	0.368421052631579	1	0.5	1	0.742857142857143	1	0.651162790697674	0.875	1.4142135623731	0.857142857142857	0.692307692307692	0.631578947368421	0.5	0.257142857142857	0.370556876327824	0	1	4	7	13	26	28	0	0	0	0	0	0	4	0	6	9	12	13	9	15	0	0	0	0	0	0	0	0	0.25	0.470588235294118	0.538461538461538	0.666666666666667	0.852459016393443	0.746666666666667
099_filt.comp	0	0	0.428571428571429	1	0.461538461538462	1	0.5	1	0.6	1	0.729166666666667	1	0.703125	0.918367346938776	1.4142135623731	0.571428571428571	0.538461538461538	0.5	0.4	0.270833333333333	0.307893903269964	0	3	6	10	18	35	45	0	0	0	0	0	0	4	0	4	7	10	12	13	19	0	0	0	0	0	0	0	0	0.6	0.631578947368421	0.666666666666667	0.75	0.843373493975904	0.79646017699115
100_filt.comp	0	0	0.428571428571429	1	0.461538461538462	1	0.5	1	0.642857142857143	1	0.651162790697674	1	0.576271186440678	0.871794871794872	1.4142135623731	0.571428571428571	0.538461538461538	0.5	0.357142857142857	0.348837209302326	0.442699291097788	0	3	6	10	18	28	34	0	0	0	0	0	0	5	0	4	7	10	10	15	25	0	0	0	0	0	0	0	0	0.6	0.631578947368421	0.666666666666667	0.782608695652174	0.788732394366197	0.693877551020408
