Filename	Kingdom_SSV	Kingdom_PPV	Phylum_SSV	Phylum_PPV	Class_SSV	Class_PPV	Order_SSV	Order_PPV	Family_SSV	Family_PPV	Genus_SSV	Genus_PPV	Species_SSV	Species_PPV	Kingdom_Dist	Phylum_Dist	Class_Dist	Order_Dist	Family_Dist	Genus_Dist	Species_Dist	Kingdom_TP	Phylum_TP	Class_TP	Order_TP	Family_TP	Genus_TP	Species_TP	Kingdom_FP	Phylum_FP	Class_FP	Order_FP	Family_FP	Genus_FP	Species_FP	Kingdom_FN	Phylum_FN	Class_FN	Order_FN	Family_FN	Genus_FN	Species_FN	Kingdom_TN	Phylum_TN	Class_TN	Order_TN	Family_TN	Genus_TN	Species_TN	Kingdom_F1	Phylum_F1	Class_F1	Order_F1	Family_F1	Genus_F1	Species_F1
001.comp	0	0	0	0	0	0	0	0	0	0	0.789473684210526	0.967741935483871	0	0	1.4142135623731	1.4142135623731	1.4142135623731	1.4142135623731	1.4142135623731	0.212983361712167	1.4142135623731	0	0	0	0	0	30	0	1	1	1	1	1	1	1	1	6	12	17	24	8	53	0	0	0	0	0	0	0	0	0	0	0	0	0.869565217391304	0
002.comp	0	0	0	0	0	0	0	0	0	0	0.761904761904762	1	0	0	1.4142135623731	1.4142135623731	1.4142135623731	1.4142135623731	1.4142135623731	0.238095238095238	1.4142135623731	0	0	0	0	0	32	0	1	1	1	1	1	0	1	1	7	13	20	28	10	61	0	0	0	0	0	0	0	0	0	0	0	0	0.864864864864865	0
003.comp	0	0	0	0	0	0	0	0	0	0	0.875	1	0	0	1.4142135623731	1.4142135623731	1.4142135623731	1.4142135623731	1.4142135623731	0.125	1.4142135623731	0	0	0	0	0	14	0	1	1	1	1	1	0	1	1	6	9	11	14	2	18	0	0	0	0	0	0	0	0	0	0	0	0	0.933333333333333	0
004.comp	0	0	0	0	0	0	0	0	0	0	0.785714285714286	1	0	0	1.4142135623731	1.4142135623731	1.4142135623731	1.4142135623731	1.4142135623731	0.214285714285714	1.4142135623731	0	0	0	0	0	11	0	1	1	1	1	1	0	1	1	5	8	12	13	3	15	0	0	0	0	0	0	0	0	0	0	0	0	0.88	0
011.comp	0	0	0	0	0	0	0	0	0	0	0.931034482758621	1	0	0	1.4142135623731	1.4142135623731	1.4142135623731	1.4142135623731	1.4142135623731	0.0689655172413793	1.4142135623731	0	0	0	0	0	27	0	1	1	1	1	1	0	1	1	6	11	17	25	2	35	0	0	0	0	0	0	0	0	0	0	0	0	0.964285714285714	0
012.comp	0	0	0	0	0	0	0	0	0	0	1	1	0	0	1.4142135623731	1.4142135623731	1.4142135623731	1.4142135623731	1.4142135623731	0	1.4142135623731	0	0	0	0	0	1	0	1	1	1	1	1	0	1	1	1	1	1	1	0	1	0	0	0	0	0	0	0	0	0	0	0	0	1	0
014.comp	0	0	0	0	0	0	0	0	0	0	0.80952380952381	1	0	0	1.4142135623731	1.4142135623731	1.4142135623731	1.4142135623731	1.4142135623731	0.19047619047619	1.4142135623731	0	0	0	0	0	17	0	1	1	1	1	1	0	1	1	7	13	14	16	4	22	0	0	0	0	0	0	0	0	0	0	0	0	0.894736842105263	0
015.comp	0	0	0	0	0	0	0	0	0	0	0.852941176470588	1	0	0	1.4142135623731	1.4142135623731	1.4142135623731	1.4142135623731	1.4142135623731	0.147058823529412	1.4142135623731	0	0	0	0	0	29	0	1	1	1	1	1	0	1	1	7	13	20	25	5	44	0	0	0	0	0	0	0	0	0	0	0	0	0.920634920634921	0
022.comp	0	0	0	0	0	0	0	0	0	0	0.8	1	0	0	1.4142135623731	1.4142135623731	1.4142135623731	1.4142135623731	1.4142135623731	0.2	1.4142135623731	0	0	0	0	0	4	0	1	1	1	1	1	0	1	1	4	4	5	5	1	6	0	0	0	0	0	0	0	0	0	0	0	0	0.888888888888889	0
024.comp	0	0	0	0	0	0	0	0	0	0	0.8	1	0	0	1.4142135623731	1.4142135623731	1.4142135623731	1.4142135623731	1.4142135623731	0.2	1.4142135623731	0	0	0	0	0	4	0	1	1	1	1	1	0	1	1	3	4	5	5	1	5	0	0	0	0	0	0	0	0	0	0	0	0	0.888888888888889	0
025.comp	0	0	0	0	0	0	0	0	0	0	0.911764705882353	1	0	0	1.4142135623731	1.4142135623731	1.4142135623731	1.4142135623731	1.4142135623731	0.0882352941176471	1.4142135623731	0	0	0	0	0	31	0	1	1	1	1	1	0	1	1	6	11	17	25	3	44	0	0	0	0	0	0	0	0	0	0	0	0	0.953846153846154	0
