Filename	Kingdom_SSV	Kingdom_PPV	Phylum_SSV	Phylum_PPV	Class_SSV	Class_PPV	Order_SSV	Order_PPV	Family_SSV	Family_PPV	Genus_SSV	Genus_PPV	Species_SSV	Species_PPV	Kingdom_Dist	Phylum_Dist	Class_Dist	Order_Dist	Family_Dist	Genus_Dist	Species_Dist	Kingdom_TP	Phylum_TP	Class_TP	Order_TP	Family_TP	Genus_TP	Species_TP	Kingdom_FP	Phylum_FP	Class_FP	Order_FP	Family_FP	Genus_FP	Species_FP	Kingdom_FN	Phylum_FN	Class_FN	Order_FN	Family_FN	Genus_FN	Species_FN	Kingdom_TN	Phylum_TN	Class_TN	Order_TN	Family_TN	Genus_TN	Species_TN	Kingdom_F1	Phylum_F1	Class_F1	Order_F1	Family_F1	Genus_F1	Species_F1
001_filt.comp	0	0	0	0	0	0	0	0	0	0	0.815789473684211	0.885714285714286	0	0	1.4142135623731	1.4142135623731	1.4142135623731	1.4142135623731	1.4142135623731	0.216782708017351	1.4142135623731	0	0	0	0	0	31	0	1	1	1	1	1	4	1	1	6	12	17	24	7	53	0	0	0	0	0	0	0	0	0	0	0	0	0.849315068493151	0
002_filt.comp	0	0	0	0	0	0	0	0	0	0	0.785714285714286	0.970588235294118	0	0	1.4142135623731	1.4142135623731	1.4142135623731	1.4142135623731	1.4142135623731	0.216294750861071	1.4142135623731	0	0	0	0	0	33	0	1	1	1	1	1	1	1	1	7	13	20	28	9	61	0	0	0	0	0	0	0	0	0	0	0	0	0.868421052631579	0
003_filt.comp	0	0	0	0	0	0	0	0	0	0	0.875	0.933333333333333	0	0	1.4142135623731	1.4142135623731	1.4142135623731	1.4142135623731	1.4142135623731	0.141666666666667	1.4142135623731	0	0	0	0	0	14	0	1	1	1	1	1	1	1	1	6	9	11	14	2	18	0	0	0	0	0	0	0	0	0	0	0	0	0.903225806451613	0
004_filt.comp	0	0	0	0	0	0	0	0	0	0	0.785714285714286	0.6875	0	0	1.4142135623731	1.4142135623731	1.4142135623731	1.4142135623731	1.4142135623731	0.378912413820053	1.4142135623731	0	0	0	0	0	11	0	1	1	1	1	1	5	1	1	5	8	12	13	3	15	0	0	0	0	0	0	0	0	0	0	0	0	0.733333333333333	0
011_filt.comp	0	0	0	0	0	0	0	0	0	0	0.931034482758621	0.72972972972973	0	0	1.4142135623731	1.4142135623731	1.4142135623731	1.4142135623731	1.4142135623731	0.278930567633481	1.4142135623731	0	0	0	0	0	27	0	1	1	1	1	1	10	1	1	6	11	17	25	2	35	0	0	0	0	0	0	0	0	0	0	0	0	0.818181818181818	0
012_filt.comp	0	0	0	0	0	0	0	0	0	0	1	0.5	0	0	1.4142135623731	1.4142135623731	1.4142135623731	1.4142135623731	1.4142135623731	0.5	1.4142135623731	0	0	0	0	0	1	0	1	1	1	1	1	1	1	1	1	1	1	1	0	1	0	0	0	0	0	0	0	0	0	0	0	0	0.666666666666667	0
014_filt.comp	0	0	0	0	0	0	0	0	0	0	0.904761904761905	0.95	0	0	1.4142135623731	1.4142135623731	1.4142135623731	1.4142135623731	1.4142135623731	0.107565304743586	1.4142135623731	0	0	0	0	0	19	0	1	1	1	1	1	1	1	1	7	13	14	16	2	22	0	0	0	0	0	0	0	0	0	0	0	0	0.926829268292683	0
015_filt.comp	0	0	0	0	0	0	0	0	0	0	0.852941176470588	0.966666666666667	0	0	1.4142135623731	1.4142135623731	1.4142135623731	1.4142135623731	1.4142135623731	0.150789285723376	1.4142135623731	0	0	0	0	0	29	0	1	1	1	1	1	1	1	1	7	13	20	25	5	44	0	0	0	0	0	0	0	0	0	0	0	0	0.90625	0
022_filt.comp	0	0	0	0	0	0	0	0	0	0	0.8	0.8	0	0	1.4142135623731	1.4142135623731	1.4142135623731	1.4142135623731	1.4142135623731	0.282842712474619	1.4142135623731	0	0	0	0	0	4	0	1	1	1	1	1	1	1	1	4	4	5	5	1	6	0	0	0	0	0	0	0	0	0	0	0	0	0.8	0
024_filt.comp	0	0	0	0	0	0	0	0	0	0	1	0.833333333333333	0	0	1.4142135623731	1.4142135623731	1.4142135623731	1.4142135623731	1.4142135623731	0.166666666666667	1.4142135623731	0	0	0	0	0	5	0	1	1	1	1	1	1	1	1	3	4	5	5	0	5	0	0	0	0	0	0	0	0	0	0	0	0	0.909090909090909	0
025_filt.comp	0	0	0	0	0	0	0	0	0	0	0.911764705882353	0.939393939393939	0	0	1.4142135623731	1.4142135623731	1.4142135623731	1.4142135623731	1.4142135623731	0.107044671563853	1.4142135623731	0	0	0	0	0	31	0	1	1	1	1	1	2	1	1	6	11	17	25	3	44	0	0	0	0	0	0	0	0	0	0	0	0	0.925373134328358	0
