Filename	Kingdom_SSV	Kingdom_PPV	Phylum_SSV	Phylum_PPV	Class_SSV	Class_PPV	Order_SSV	Order_PPV	Family_SSV	Family_PPV	Genus_SSV	Genus_PPV	Species_SSV	Species_PPV	Kingdom_Dist	Phylum_Dist	Class_Dist	Order_Dist	Family_Dist	Genus_Dist	Species_Dist	Kingdom_TP	Phylum_TP	Class_TP	Order_TP	Family_TP	Genus_TP	Species_TP	Kingdom_FP	Phylum_FP	Class_FP	Order_FP	Family_FP	Genus_FP	Species_FP	Kingdom_FN	Phylum_FN	Class_FN	Order_FN	Family_FN	Genus_FN	Species_FN	Kingdom_TN	Phylum_TN	Class_TN	Order_TN	Family_TN	Genus_TN	Species_TN	Kingdom_F1	Phylum_F1	Class_F1	Order_F1	Family_F1	Genus_F1	Species_F1
001_spades.comp	0	0	1	1	1	1	1	0.894736842105263	0.916666666666667	0.846153846153846	0.815789473684211	0.837837837837838	0.660377358490566	0.583333333333333	1.4142135623731	0	0	0.105263157894737	0.1749659495379	0.24541818360229	0.537545021125632	0	6	12	17	22	31	35	0	0	0	2	4	6	25	0	0	0	0	2	7	18	0	0	0	0	0	0	0	0	1	1	0.944444444444444	0.88	0.826666666666667	0.619469026548673
002_spades.comp	0	0	1	0.875	1	0.928571428571429	0.95	0.95	0.857142857142857	0.923076923076923	0.857142857142857	0.857142857142857	0.704918032786885	0.589041095890411	1.4142135623731	0.125	0.0714285714285714	0.0707106781186548	0.162250802859708	0.202030508910442	0.505925476964064	0	7	13	19	24	36	43	1	1	1	1	2	6	30	1	0	0	1	4	6	18	0	0	0	0	0	0	0	0	0.933333333333333	0.962962962962963	0.95	0.888888888888889	0.857142857142857	0.641791044776119
003_spades.comp	0	0	1	1	1	0.9	0.909090909090909	0.909090909090909	0.928571428571429	0.928571428571429	0.875	0.875	0.666666666666667	0.631578947368421	1.4142135623731	0	0.1	0.128564869306645	0.101015254455221	0.176776695296637	0.496835166965133	0	6	9	10	13	14	12	0	0	1	1	1	2	7	0	0	0	1	1	2	6	0	0	0	0	0	0	0	0	1	0.947368421052632	0.909090909090909	0.928571428571429	0.875	0.648648648648649
004_spades.comp	0	0	1	0.833333333333333	1	0.888888888888889	1	0.923076923076923	1	1	0.928571428571429	0.928571428571429	0.866666666666667	0.722222222222222	1.4142135623731	0.166666666666667	0.111111111111111	0.0769230769230769	0	0.101015254455221	0.308120547196934	0	5	8	12	13	13	13	1	1	1	1	0	1	5	1	0	0	0	0	1	2	0	0	0	0	0	0	0	0	0.909090909090909	0.941176470588235	0.96	1	0.928571428571429	0.787878787878788
005_spades.comp	0	0	1	1	1	1	0.928571428571429	0.928571428571429	0.944444444444444	0.944444444444444	0.894736842105263	0.80952380952381	0.8	0.571428571428571	1.4142135623731	0	0	0.101015254455221	0.0785674201318387	0.217627000963332	0.472941295921339	0	6	10	13	17	17	16	0	0	0	1	1	4	12	0	0	0	1	1	2	4	0	0	0	0	0	0	0	0	1	1	0.928571428571429	0.944444444444444	0.85	0.666666666666667
006_spades.comp	0	0	1	0.875	1	0.928571428571429	0.95	0.863636363636364	0.862068965517241	0.862068965517241	0.8	0.818181818181818	0.650793650793651	0.554054054054054	1.4142135623731	0.125	0.0714285714285714	0.145241320987913	0.195063939637668	0.270292159042155	0.56640344369685	0	7	13	19	25	36	41	1	1	1	3	4	8	33	1	0	0	1	4	9	22	0	0	0	0	0	0	0	0	0.933333333333333	0.962962962962963	0.904761904761905	0.862068965517241	0.808988764044944	0.598540145985401
007_spades.comp	0	0	1	0.75	1	0.833333333333333	0.833333333333333	0.714285714285714	0.833333333333333	0.714285714285714	0.857142857142857	0.75	0.571428571428571	0.363636363636364	1.4142135623731	0.25	0.166666666666667	0.330772475939281	0.330772475939281	0.287937776724948	0.767223661700879	0	3	5	5	5	6	4	0	1	1	2	2	2	7	0	0	0	1	1	1	3	0	0	0	0	0	0	0	0	0.857142857142857	0.909090909090909	0.769230769230769	0.769230769230769	0.8	0.444444444444444
008_spades.comp	0	0	1	1	1	1	0.947368421052632	0.947368421052632	0.862068965517241	0.892857142857143	0.86046511627907	0.840909090909091	0.616666666666667	0.685185185185185	1.4142135623731	0	0	0.0744322927564788	0.174655552760909	0.211612620442131	0.496037107554798	0	6	12	18	25	37	37	0	0	0	1	3	7	17	0	0	0	1	4	6	23	0	0	0	0	0	0	0	0	1	1	0.947368421052632	0.87719298245614	0.850574712643678	0.649122807017544
009_spades.comp	0	0	1	0.833333333333333	1	0.916666666666667	0.928571428571429	0.8125	0.941176470588235	0.888888888888889	0.923076923076923	0.8	0.736842105263158	0.518518518518518	1.4142135623731	0.166666666666667	0.0833333333333334	0.200644687984323	0.125721464455368	0.214282896572063	0.548704378123529	0	5	11	13	16	24	28	1	1	1	3	2	6	26	1	0	0	1	1	2	10	0	0	0	0	0	0	0	0	0.909090909090909	0.956521739130435	0.866666666666667	0.914285714285714	0.857142857142857	0.608695652173913
010_spades.comp	0	0	1	1	1	1	1	0.875	1	0.875	1	0.777777777777778	1	0.777777777777778	1.4142135623731	0	0	0.125	0.125	0.222222222222222	0.222222222222222	0	6	6	7	7	7	7	0	0	0	1	1	2	2	0	0	0	0	0	0	0	0	0	0	0	0	0	0	0	1	1	0.933333333333333	0.933333333333333	0.875	0.875
011_spades.comp	0	0	1	0.857142857142857	1	0.916666666666667	0.941176470588235	0.842105263157895	0.88	0.916666666666667	0.931034482758621	0.870967741935484	0.771428571428571	0.613636363636364	1.4142135623731	0.142857142857143	0.0833333333333334	0.168496158813471	0.146097380005408	0.146306411990722	0.448911747967589	0	6	11	16	22	27	27	1	1	1	3	2	4	17	1	0	0	1	3	2	8	0	0	0	0	0	0	0	0	0.923076923076923	0.956521739130435	0.888888888888889	0.897959183673469	0.9	0.683544303797468
012_spades.comp	0	0	1	1	1	1	1	1	1	1	1	1	1	1	1.4142135623731	0	0	0	0	0	0	0	1	1	1	1	1	1	0	0	0	0	0	0	0	0	0	0	0	0	0	0	0	0	0	0	0	0	0	0	1	1	1	1	1	1
013_spades.comp	0	0	1	1	1	0.777777777777778	0.888888888888889	0.727272727272727	0.9	0.75	0.846153846153846	0.733333333333333	0.6	0.5	1.4142135623731	0	0.222222222222222	0.294492519941682	0.269258240356725	0.307863200406228	0.640312423743285	0	5	7	8	9	11	9	0	0	2	3	3	4	9	0	0	0	1	1	2	6	0	0	0	0	0	0	0	0	1	0.875	0.8	0.818181818181818	0.785714285714286	0.545454545454545
014_spades.comp	0	0	1	0.875	1	0.928571428571429	1	0.875	0.9375	0.9375	0.857142857142857	0.857142857142857	0.545454545454545	0.4	1.4142135623731	0.125	0.0714285714285714	0.125	0.0883883476483184	0.202030508910442	0.752736056163071	0	7	13	14	15	18	12	1	1	1	2	1	3	18	1	0	0	0	1	3	10	0	0	0	0	0	0	0	0	0.933333333333333	0.962962962962963	0.933333333333333	0.9375	0.857142857142857	0.461538461538461
015_spades.comp	0	0	1	0.875	0.923076923076923	0.923076923076923	0.9	0.9	0.88	0.956521739130435	0.911764705882353	0.885714285714286	0.772727272727273	0.62962962962963	1.4142135623731	0.125	0.108785658644084	0.141421356237309	0.127633691352409	0.144383834336894	0.434542407378462	0	7	12	18	22	31	34	1	1	1	2	1	4	20	1	0	1	2	3	3	10	0	0	0	0	0	0	0	0	0.933333333333333	0.923076923076923	0.9	0.916666666666667	0.898550724637681	0.693877551020408
016_spades.comp	0	0	1	0.833333333333333	1	0.888888888888889	0.888888888888889	0.727272727272727	0.9	0.642857142857143	0.909090909090909	0.666666666666667	0.833333333333333	0.555555555555556	1.4142135623731	0.166666666666667	0.111111111111111	0.294492519941682	0.370878713878491	0.345507704575496	0.474666874739863	0	5	8	8	9	10	10	0	1	1	3	5	5	8	0	0	0	1	1	1	2	0	0	0	0	0	0	0	0	0.909090909090909	0.941176470588235	0.8	0.75	0.769230769230769	0.666666666666667
017_spades.comp	0	0	1	0.857142857142857	1	0.923076923076923	0.947368421052632	0.818181818181818	0.923076923076923	0.888888888888889	0.944444444444444	0.894736842105263	0.772727272727273	0.62962962962963	1.4142135623731	0.142857142857143	0.0769230769230769	0.189282683682799	0.135140070947367	0.119024166298524	0.434542407378462	0	6	12	18	24	34	34	1	1	1	4	3	4	20	1	0	0	1	2	2	10	0	0	0	0	0	0	0	0	0.923076923076923	0.96	0.878048780487805	0.905660377358491	0.918918918918919	0.693877551020408
018_spades.comp	0	0	1	1	0.875	1	0.909090909090909	0.909090909090909	0.785714285714286	0.846153846153846	0.857142857142857	0.923076923076923	0.705882352941177	0.705882352941177	1.4142135623731	0	0.125	0.128564869306645	0.263793491959512	0.162250802859708	0.415945165403851	0	4	7	10	11	12	12	0	0	0	1	2	1	5	0	0	1	1	3	2	5	0	0	0	0	0	0	0	0	1	0.933333333333333	0.909090909090909	0.814814814814815	0.888888888888889	0.705882352941177
019_spades.comp	0	0	1	1	0.875	1	0.9	1	0.857142857142857	1	0.714285714285714	0.909090909090909	0.625	0.625	1.4142135623731	0	0.125	0.1	0.142857142857143	0.299828477418576	0.530330085889911	0	5	7	9	12	10	10	0	0	0	0	0	1	6	0	0	1	1	2	4	6	0	0	0	0	0	0	0	0	1	0.933333333333333	0.947368421052632	0.923076923076923	0.8	0.625
020_spades.comp	0	0	1	0.857142857142857	1	0.923076923076923	1	0.80952380952381	1	0.84	0.931034482758621	0.794117647058823	0.818181818181818	0.675	1.4142135623731	0.142857142857143	0.0769230769230769	0.19047619047619	0.16	0.217126197914867	0.372401465141679	0	6	12	17	21	27	27	1	1	1	4	4	7	13	1	0	0	0	0	2	6	0	0	0	0	0	0	0	0	0.923076923076923	0.96	0.894736842105263	0.91304347826087	0.857142857142857	0.73972602739726
021_spades.comp	0	0	0.666666666666667	0.8	0.7	0.777777777777778	0.785714285714286	0.846153846153846	0.733333333333333	0.785714285714286	0.611111111111111	0.733333333333333	0.55	0.6875	1.4142135623731	0.38873012632302	0.373339947031365	0.263793491959512	0.342095715345939	0.471535448309399	0.547865175020278	0	4	7	11	11	11	11	1	1	2	2	3	4	5	1	2	3	3	4	7	9	0	0	0	0	0	0	0	0	0.727272727272727	0.736842105263158	0.814814814814815	0.758620689655172	0.666666666666667	0.611111111111111
022_spades.comp	0	0	1	0.8	1	0.8	1	0.625	0.8	0.666666666666667	0.8	0.666666666666667	0.833333333333333	0.555555555555556	1.4142135623731	0.2	0.2	0.375	0.38873012632302	0.38873012632302	0.474666874739863	0	4	4	5	4	4	5	1	1	1	3	2	2	4	1	0	0	0	1	1	1	0	0	0	0	0	0	0	0	0.888888888888889	0.888888888888889	0.769230769230769	0.727272727272727	0.727272727272727	0.666666666666667
023_spades.comp	0	0	0.857142857142857	0.857142857142857	0.923076923076923	0.923076923076923	0.947368421052632	0.9	0.826086956521739	0.904761904761905	0.735294117647059	0.892857142857143	0.6	0.658536585365854	1.4142135623731	0.202030508910442	0.108785658644084	0.113004792387284	0.198282731160462	0.285567498131324	0.525925150124627	0	6	12	18	19	25	27	1	1	1	2	2	3	14	1	1	1	1	4	9	18	0	0	0	0	0	0	0	0	0.857142857142857	0.923076923076923	0.923076923076923	0.863636363636364	0.806451612903226	0.627906976744186
024_spades.comp	0	0	1	1	1	1	1	1	1	1	1	0.833333333333333	0.8	0.8	1.4142135623731	0	0	0	0	0.166666666666667	0.282842712474619	0	3	4	5	5	5	4	0	0	0	0	0	1	1	0	0	0	0	0	0	1	0	0	0	0	0	0	0	0	1	1	1	1	0.909090909090909	0.8
025_spades.comp	0	0	1	0.857142857142857	1	0.916666666666667	1	0.85	0.96	0.888888888888889	0.970588235294118	0.804878048780488	0.75	0.568965517241379	1.4142135623731	0.142857142857143	0.0833333333333334	0.15	0.118091824494102	0.19732619631165	0.498287793676497	0	6	11	17	24	33	33	1	1	1	3	3	8	25	1	0	0	0	1	1	11	0	0	0	0	0	0	0	0	0.923076923076923	0.956521739130435	0.918918918918919	0.923076923076923	0.88	0.647058823529412
026_spades.comp	0	0	1	1	1	1	0.933333333333333	0.823529411764706	0.9	0.782608695652174	0.91304347826087	0.65625	0.67741935483871	0.362068965517241	1.4142135623731	0	0	0.188643348561658	0.239288485318557	0.354577916927955	0.714852626342603	0	6	12	14	18	21	21	0	0	0	3	5	11	37	0	0	0	1	2	2	10	0	0	0	0	0	0	0	0	1	1	0.875	0.837209302325581	0.763636363636364	0.471910112359551
027_spades.comp	0	0	1	1	0.833333333333333	0.833333333333333	0.75	0.857142857142857	0.75	0.857142857142857	0.666666666666667	0.75	0.555555555555556	0.625	1.4142135623731	0	0.235702260395516	0.287937776724948	0.287937776724948	0.416666666666667	0.581511705984953	0	4	5	6	6	6	5	0	0	1	1	1	2	3	0	0	1	2	2	3	4	0	0	0	0	0	0	0	0	1	0.833333333333333	0.8	0.8	0.705882352941177	0.588235294117647
028_spades.comp	0	0	1	1	1	1	1	0.875	1	0.9	1	0.9	0.777777777777778	0.466666666666667	1.4142135623731	0	0	0.125	0.1	0.1	0.577777777777778	0	5	7	7	9	9	7	0	0	0	1	1	1	8	0	0	0	0	0	0	2	0	0	0	0	0	0	0	0	1	1	0.933333333333333	0.947368421052632	0.947368421052632	0.583333333333333
029_spades.comp	0	0	0.714285714285714	1	0.461538461538462	1	0.368421052631579	0.875	0.285714285714286	0.888888888888889	0.25	0.846153846153846	0.19672131147541	0.571428571428571	1.4142135623731	0.285714285714286	0.538461538461538	0.643829920677039	0.722876034078457	0.765616509130553	0.910455996095111	0	5	6	7	8	11	12	0	0	0	1	1	2	9	0	2	7	12	20	33	49	0	0	0	0	0	0	0	0	0.833333333333333	0.631578947368421	0.518518518518518	0.432432432432432	0.385964912280702	0.292682926829268
030_spades.comp	0	0	0.857142857142857	1	0.923076923076923	1	0.9	1	0.827586206896552	1	0.6875	0.970588235294118	0.420289855072464	0.783783783783784	1.4142135623731	0.142857142857143	0.0769230769230769	0.1	0.172413793103448	0.313881031448404	0.618719083499744	0	6	12	18	24	33	29	0	0	0	0	0	1	8	0	1	1	2	5	15	40	0	0	0	0	0	0	0	0	0.923076923076923	0.96	0.947368421052632	0.905660377358491	0.804878048780488	0.547169811320755
031_spades.comp	0	0	1	0.875	1	0.923076923076923	0.941176470588235	0.888888888888889	0.91304347826087	0.954545454545455	0.931034482758621	0.9	0.742857142857143	0.52	1.4142135623731	0.125	0.0769230769230769	0.125721464455368	0.0981200915992602	0.121475275543507	0.544538748832066	0	7	12	16	21	27	26	1	1	1	2	1	3	24	1	0	0	1	2	2	9	0	0	0	0	0	0	0	0	0.933333333333333	0.96	0.914285714285714	0.933333333333333	0.915254237288136	0.611764705882353
032_spades.comp	0	0	1	1	1	1	1	1	1	1	1	1	0.333333333333333	0.2	1.4142135623731	0	0	0	0	0	1.04136662345422	0	2	2	3	3	3	1	0	0	0	0	0	0	4	0	0	0	0	0	0	2	0	0	0	0	0	0	0	0	1	1	1	1	1	0.25
033_spades.comp	0	0	1	0.875	1	0.818181818181818	1	0.857142857142857	0.857142857142857	0.857142857142857	0.789473684210526	0.75	0.708333333333333	0.515151515151515	1.4142135623731	0.125	0.181818181818182	0.142857142857143	0.202030508910442	0.326835324957216	0.565815780713401	0	7	9	12	12	15	17	1	1	2	2	2	5	16	1	0	0	0	2	4	7	0	0	0	0	0	0	0	0	0.933333333333333	0.9	0.923076923076923	0.857142857142857	0.769230769230769	0.596491228070176
034_spades.comp	0	0	1	1	1	1	0.75	0.75	0.75	0.75	0.75	0.75	0.75	0.75	1.4142135623731	0	0	0.353553390593274	0.353553390593274	0.353553390593274	0.353553390593274	0	3	3	3	3	3	3	0	0	0	1	1	1	1	0	0	0	1	1	1	1	0	0	0	0	0	0	0	0	1	1	0.75	0.75	0.75	0.75
035_spades.comp	0	0	1	1	1	0.857142857142857	0.875	0.875	0.7	0.875	0.6	0.857142857142857	0.363636363636364	0.444444444444444	1.4142135623731	0	0.142857142857143	0.176776695296637	0.325	0.424744821351957	0.844748869780003	0	5	6	7	7	6	4	0	0	1	1	1	1	5	0	0	0	1	3	4	7	0	0	0	0	0	0	0	0	1	0.923076923076923	0.875	0.777777777777778	0.705882352941176	0.4
036_spades.comp	0	0	1	0.833333333333333	1	0.777777777777778	0.9	0.818181818181818	0.916666666666667	0.916666666666667	0.875	0.875	0.583333333333333	0.325581395348837	1.4142135623731	0.166666666666667	0.222222222222222	0.20750385837297	0.117851130197758	0.176776695296637	0.792749371119733	0	5	7	9	11	14	14	1	1	2	2	1	2	29	1	0	0	1	1	2	10	0	0	0	0	0	0	0	0	0.909090909090909	0.875	0.857142857142857	0.916666666666667	0.875	0.417910447761194
037_spades.comp	0	0	1	0.857142857142857	1	0.909090909090909	0.928571428571429	0.866666666666667	0.9375	0.9375	0.904761904761905	0.791666666666667	0.8	0.625	1.4142135623731	0.142857142857143	0.0909090909090909	0.151260763564463	0.0883883476483184	0.229070016724927	0.425	0	6	10	13	15	19	20	1	1	1	2	1	5	12	1	0	0	1	1	2	5	0	0	0	0	0	0	0	0	0.923076923076923	0.952380952380952	0.896551724137931	0.9375	0.844444444444445	0.701754385964912
038_spades.comp	0	0	1	0.875	1	0.928571428571429	0.95	0.826086956521739	0.896551724137931	0.8125	0.826086956521739	0.808510638297872	0.608695652173913	0.545454545454545	1.4142135623731	0.125	0.0714285714285714	0.180957858883972	0.214144333987231	0.258677255159706	0.59977551039996	0	7	13	19	26	38	42	1	1	1	4	6	9	35	1	0	0	1	3	8	27	0	0	0	0	0	0	0	0	0.933333333333333	0.962962962962963	0.883720930232558	0.852459016393443	0.817204301075269	0.575342465753425
039_spades.comp	0	0	0.857142857142857	1	0.923076923076923	1	0.944444444444444	0.944444444444444	0.888888888888889	0.96	0.82051282051282	0.82051282051282	0.581818181818182	0.666666666666667	1.4142135623731	0.142857142857143	0.0769230769230769	0.0785674201318387	0.118091824494102	0.253833203502863	0.534777658629231	0	6	12	17	24	32	32	0	0	0	1	1	7	16	0	1	1	1	3	7	23	0	0	0	0	0	0	0	0	0.923076923076923	0.96	0.944444444444444	0.923076923076923	0.82051282051282	0.621359223300971
040_spades.comp	0	0	1	1	1	0.9	1	0.846153846153846	0.933333333333333	0.875	0.941176470588235	0.888888888888889	0.761904761904762	0.533333333333333	1.4142135623731	0	0.1	0.153846153846154	0.141666666666667	0.125721464455368	0.523896096741907	0	6	9	11	14	16	16	0	0	1	2	2	2	14	0	0	0	0	1	1	5	0	0	0	0	0	0	0	0	1	0.947368421052632	0.916666666666667	0.903225806451613	0.914285714285714	0.627450980392157
041_spades.comp	0	0	1	0.875	1	0.928571428571429	0.95	0.863636363636364	0.931034482758621	0.870967741935484	0.791666666666667	0.808510638297872	0.657142857142857	0.63013698630137	1.4142135623731	0.125	0.0714285714285714	0.145241320987913	0.146306411990722	0.282968113791759	0.504330912507251	0	7	13	19	27	38	46	1	1	1	3	4	9	27	1	0	0	1	2	10	24	0	0	0	0	0	0	0	0	0.933333333333333	0.962962962962963	0.904761904761905	0.9	0.8	0.643356643356643
043_spades.comp	0	0	1	1	0.75	1	0.684210526315789	1	0.481481481481481	1	0.416666666666667	1	0.270833333333333	1	1.4142135623731	0	0.25	0.315789473684211	0.518518518518519	0.583333333333333	0.729166666666667	0	7	9	13	13	15	13	0	0	0	0	0	0	0	0	0	3	6	14	21	35	0	0	0	0	0	0	0	0	1	0.857142857142857	0.8125	0.65	0.588235294117647	0.426229508196721
044_spades.comp	0	0	0.857142857142857	0.857142857142857	0.909090909090909	0.909090909090909	0.933333333333333	0.823529411764706	0.869565217391304	0.909090909090909	0.7	0.84	0.485714285714286	0.515151515151515	1.4142135623731	0.202030508910442	0.128564869306645	0.188643348561658	0.158989607597777	0.34	0.706801138353808	0	6	10	14	20	21	17	1	1	1	3	2	4	16	1	1	1	1	3	9	18	0	0	0	0	0	0	0	0	0.857142857142857	0.909090909090909	0.875	0.888888888888889	0.763636363636364	0.5
045_spades.comp	0	0	1	0.857142857142857	0.916666666666667	0.916666666666667	0.894736842105263	0.894736842105263	0.888888888888889	0.923076923076923	0.837209302325581	0.857142857142857	0.745762711864407	0.63768115942029	1.4142135623731	0.142857142857143	0.117851130197758	0.148864585512957	0.135140070947367	0.216584797515038	0.442618956798696	0	6	11	17	24	36	44	1	1	1	2	2	6	25	1	0	1	2	3	7	15	0	0	0	0	0	0	0	0	0.923076923076923	0.916666666666667	0.894736842105263	0.905660377358491	0.847058823529412	0.6875
046_spades.comp	0	0	0.857142857142857	0.857142857142857	0.846153846153846	0.916666666666667	0.85	0.894736842105263	0.758620689655172	0.916666666666667	0.658536585365854	0.794117647058823	0.56140350877193	0.5	1.4142135623731	0.202030508910442	0.1749659495379	0.183249372195302	0.255359385782056	0.398728989147022	0.665106669728679	0	6	11	17	22	27	32	1	1	1	2	2	7	32	1	1	2	3	7	14	25	0	0	0	0	0	0	0	0	0.857142857142857	0.88	0.871794871794872	0.830188679245283	0.72	0.528925619834711
047_spades.comp	0	0	1	0.857142857142857	1	0.923076923076923	1	0.85	1	0.827586206896552	0.970588235294118	0.75	0.755102040816326	0.587301587301587	1.4142135623731	0.142857142857143	0.0769230769230769	0.15	0.172413793103448	0.251724158362113	0.479890602383624	0	6	12	17	24	33	37	1	1	1	3	5	11	26	1	0	0	0	0	1	12	0	0	0	0	0	0	0	0	0.923076923076923	0.96	0.918918918918919	0.905660377358491	0.846153846153846	0.660714285714286
048_spades.comp	0	0	1	0.875	1	0.923076923076923	1	0.875	1	0.947368421052632	1	0.916666666666667	0.791666666666667	0.558823529411765	1.4142135623731	0.125	0.0769230769230769	0.125	0.0526315789473685	0.0833333333333334	0.487892873465549	0	7	12	14	18	22	19	1	1	1	2	1	2	15	1	0	0	0	0	0	5	0	0	0	0	0	0	0	0	0.933333333333333	0.96	0.933333333333333	0.972972972972973	0.956521739130435	0.655172413793103
049_spades.comp	0	0	1	0.875	1	0.928571428571429	0.95	0.826086956521739	0.925925925925926	0.833333333333333	0.897435897435897	0.777777777777778	0.796296296296296	0.530864197530864	1.4142135623731	0.125	0.0714285714285714	0.180957858883972	0.182386255588817	0.244749078004724	0.511452441641416	0	7	13	19	25	35	43	1	1	1	4	5	10	38	1	0	0	1	2	4	11	0	0	0	0	0	0	0	0	0.933333333333333	0.962962962962963	0.883720930232558	0.87719298245614	0.833333333333333	0.637037037037037
050_spades.comp	0	0	1	1	1	1	1	0.833333333333333	0.916666666666667	0.733333333333333	0.923076923076923	0.75	0.8	0.545454545454545	1.4142135623731	0	0	0.166666666666667	0.27938424357067	0.261566740552605	0.496600010318097	0	4	9	10	11	12	12	0	0	0	2	4	4	10	0	0	0	0	1	1	3	0	0	0	0	0	0	0	0	1	1	0.909090909090909	0.814814814814815	0.827586206896552	0.648648648648649
051_spades.comp	0	0	1	0.857142857142857	1	0.833333333333333	0.928571428571429	0.764705882352941	0.833333333333333	0.789473684210526	0.84	0.617647058823529	0.71875	0.46	1.4142135623731	0.142857142857143	0.166666666666667	0.245897056947891	0.268512769561648	0.414480122112385	0.608852660748066	0	6	10	13	15	21	23	1	1	2	4	4	13	27	1	0	0	1	3	4	9	0	0	0	0	0	0	0	0	0.923076923076923	0.909090909090909	0.838709677419355	0.810810810810811	0.711864406779661	0.560975609756098
052_spades.comp	0	0	1	1	1	0.909090909090909	0.9375	0.9375	0.888888888888889	0.888888888888889	0.869565217391304	0.8	0.633333333333333	0.5	1.4142135623731	0	0.0909090909090909	0.0883883476483184	0.157134840263677	0.238774438569495	0.620035841257943	0	5	10	15	16	20	19	0	0	1	1	2	5	19	0	0	0	1	2	3	11	0	0	0	0	0	0	0	0	1	0.952380952380952	0.9375	0.888888888888889	0.833333333333333	0.558823529411765
053_spades.comp	0	0	0.857142857142857	0.857142857142857	0.923076923076923	0.923076923076923	0.9	0.857142857142857	0.866666666666667	0.838709677419355	0.787234042553192	0.804347826086957	0.588235294117647	0.666666666666667	1.4142135623731	0.202030508910442	0.108785658644084	0.174379365939053	0.209266208299253	0.289048656466618	0.529774748474757	0	6	12	18	26	37	40	1	1	1	3	5	9	20	1	1	1	2	4	10	28	0	0	0	0	0	0	0	0	0.857142857142857	0.923076923076923	0.878048780487805	0.852459016393443	0.795698924731183	0.625
054_spades.comp	0	0	1	0.875	1	0.928571428571429	0.947368421052632	0.857142857142857	0.892857142857143	0.833333333333333	0.909090909090909	0.816326530612245	0.754098360655738	0.528735632183908	1.4142135623731	0.125	0.0714285714285714	0.152244035573809	0.198134725917777	0.204940006262447	0.531561586841352	0	7	13	18	25	40	46	1	1	1	3	5	9	41	1	0	0	1	3	4	15	0	0	0	0	0	0	0	0	0.933333333333333	0.962962962962963	0.9	0.862068965517241	0.860215053763441	0.621621621621622
055_spades.comp	0	0	1	0.833333333333333	1	0.916666666666667	0.941176470588235	0.888888888888889	0.904761904761905	0.863636363636364	0.862068965517241	0.735294117647059	0.6875	0.55	1.4142135623731	0.166666666666667	0.0833333333333334	0.125721464455368	0.166328999596867	0.298486472768421	0.547865175020278	0	5	11	16	19	25	22	1	1	1	2	3	9	18	1	0	0	1	2	4	10	0	0	0	0	0	0	0	0	0.909090909090909	0.956521739130435	0.914285714285714	0.883720930232558	0.793650793650794	0.611111111111111
056_spades.comp	0	0	1	0.875	1	0.928571428571429	0.95	0.95	0.952380952380952	0.909090909090909	0.931034482758621	0.771428571428571	0.705882352941177	0.545454545454545	1.4142135623731	0.125	0.0714285714285714	0.0707106781186548	0.102625710745712	0.238749116286437	0.541402586398839	0	7	13	19	20	27	24	1	1	1	1	2	8	20	1	0	0	1	1	2	10	0	0	0	0	0	0	0	0	0.933333333333333	0.962962962962963	0.95	0.930232558139535	0.84375	0.615384615384615
057_spades.comp	0	0	0.857142857142857	0.857142857142857	0.923076923076923	0.923076923076923	0.944444444444444	0.894736842105263	0.863636363636364	0.863636363636364	0.833333333333333	0.714285714285714	0.451612903225806	0.311111111111111	1.4142135623731	0.202030508910442	0.108785658644084	0.119024166298524	0.192847303959967	0.330772475939281	0.880509119284404	0	6	12	17	19	20	14	1	1	1	2	3	8	31	1	1	1	1	3	4	17	0	0	0	0	0	0	0	0	0.857142857142857	0.923076923076923	0.918918918918919	0.863636363636364	0.769230769230769	0.368421052631579
058_spades.comp	0	0	1	1	1	0.8	1	0.733333333333333	1	0.7	0.91304347826087	0.65625	0.794117647058823	0.519230769230769	1.4142135623731	0	0.2	0.266666666666667	0.3	0.354577916927955	0.522997702200529	0	6	8	11	14	21	27	0	0	2	4	6	11	25	0	0	0	0	0	2	7	0	0	0	0	0	0	0	0	1	0.888888888888889	0.846153846153846	0.823529411764706	0.763636363636364	0.627906976744186
059_spades.comp	0	0	1	0.833333333333333	1	0.636363636363636	1	0.666666666666667	1	0.666666666666667	1	0.571428571428571	0.875	0.466666666666667	1.4142135623731	0.166666666666667	0.363636363636364	0.333333333333333	0.333333333333333	0.428571428571429	0.547785947651493	0	5	7	8	8	8	7	1	1	4	4	4	6	8	1	0	0	0	0	0	1	0	0	0	0	0	0	0	0	0.909090909090909	0.777777777777778	0.8	0.8	0.727272727272727	0.608695652173913
060_spades.comp	0	0	1	0.857142857142857	1	0.923076923076923	1	0.9	0.962962962962963	0.896551724137931	0.840909090909091	0.822222222222222	0.666666666666667	0.636363636363636	1.4142135623731	0.142857142857143	0.0769230769230769	0.1	0.109878514238761	0.238568345819341	0.493297593821203	0	6	12	18	26	37	42	0	1	1	2	3	8	24	0	0	0	0	1	7	21	0	0	0	0	0	0	0	0	0.923076923076923	0.96	0.947368421052632	0.928571428571428	0.831460674157303	0.651162790697674
061_spades.comp	0	0	1	1	0.916666666666667	1	0.882352941176471	0.9375	0.888888888888889	0.941176470588235	0.826086956521739	0.826086956521739	0.607142857142857	0.5	1.4142135623731	0	0.0833333333333334	0.133218168617599	0.125721464455368	0.245950184760538	0.635874779098745	0	6	11	15	16	19	17	0	0	0	1	1	4	17	0	0	1	2	2	4	11	0	0	0	0	0	0	0	0	1	0.956521739130435	0.909090909090909	0.914285714285714	0.826086956521739	0.548387096774194
062_spades.comp	0	0	1	1	1	1	1	0.785714285714286	1	0.705882352941177	0.9375	0.681818181818182	0.75	0.48	1.4142135623731	0	0	0.214285714285714	0.294117647058823	0.324262115304097	0.576974869470066	0	5	10	11	12	15	12	0	0	0	3	5	7	13	0	0	0	0	0	1	4	0	0	0	0	0	0	0	0	1	1	0.88	0.827586206896552	0.789473684210526	0.585365853658537
063_spades.comp	0	0	1	0.875	1	0.928571428571429	0.9	0.857142857142857	0.862068965517241	0.925925925925926	0.853658536585366	0.833333333333333	0.677966101694915	0.555555555555556	1.4142135623731	0.125	0.0714285714285714	0.174379365939053	0.156562890633175	0.22179630675941	0.548850340124793	0	7	13	18	25	35	40	1	1	1	3	2	7	32	1	0	0	2	4	6	19	0	0	0	0	0	0	0	0	0.933333333333333	0.962962962962963	0.878048780487805	0.892857142857143	0.843373493975904	0.610687022900763
064_spades.comp	0	0	1	0.833333333333333	1	0.916666666666667	1	0.823529411764706	1	0.761904761904762	0.916666666666667	0.666666666666667	0.714285714285714	0.425531914893617	1.4142135623731	0.166666666666667	0.0833333333333334	0.176470588235294	0.238095238095238	0.343592135468138	0.641596628628158	0	5	11	14	16	22	20	0	1	1	3	5	11	27	0	0	0	0	0	2	8	0	0	0	0	0	0	0	0	0.909090909090909	0.956521739130435	0.903225806451613	0.864864864864865	0.771929824561404	0.533333333333333
065_spades.comp	0	0	1	1	0.75	1	0.636363636363636	0.875	0.666666666666667	0.888888888888889	0.625	0.909090909090909	0.5	0.692307692307692	1.4142135623731	0	0.25	0.384521007174742	0.351364184463153	0.385861973780674	0.587089904710529	0	5	6	7	8	10	9	0	0	0	1	1	1	4	0	0	2	4	4	6	9	0	0	0	0	0	0	0	0	1	0.857142857142857	0.736842105263158	0.761904761904762	0.740740740740741	0.580645161290323
066_spades.comp	0	0	1	1	1	1	1	0.75	1	0.75	1	0.6	1	0.6	1.4142135623731	0	0	0.25	0.25	0.4	0.4	0	3	3	3	3	3	3	0	0	0	1	1	2	2	0	0	0	0	0	0	0	0	0	0	0	0	0	0	0	1	1	0.857142857142857	0.857142857142857	0.75	0.75
067_spades.comp	0	0	1	1	1	1	1	0.923076923076923	0.857142857142857	0.923076923076923	0.777777777777778	0.823529411764706	0.666666666666667	0.56	1.4142135623731	0	0	0.0769230769230769	0.162250802859708	0.283768540471796	0.552006441186252	0	3	8	12	12	14	14	0	0	0	1	1	3	11	0	0	0	0	2	4	7	0	0	0	0	0	0	0	0	1	1	0.96	0.888888888888889	0.8	0.608695652173913
068_spades.comp	0	0	1	0.875	1	0.857142857142857	0.947368421052632	0.818181818181818	0.931034482758621	0.84375	0.9	0.818181818181818	0.745454545454545	0.569444444444444	1.4142135623731	0.125	0.142857142857143	0.189282683682799	0.170793164583279	0.20750385837297	0.500171445455961	0	7	12	18	27	36	41	1	1	2	4	5	8	31	1	0	0	1	2	4	14	0	0	0	0	0	0	0	0	0.933333333333333	0.923076923076923	0.878048780487805	0.885245901639344	0.857142857142857	0.645669291338583
069_spades.comp	0	0	1	0.875	1	0.928571428571429	0.95	0.95	0.896551724137931	0.962962962962963	0.886363636363636	0.886363636363636	0.703125	0.584415584415584	1.4142135623731	0.125	0.0714285714285714	0.0707106781186548	0.109878514238761	0.160706086633306	0.510730038378046	0	7	13	19	26	39	45	1	1	1	1	1	5	32	1	0	0	1	3	5	19	0	0	0	0	0	0	0	0	0.933333333333333	0.962962962962963	0.95	0.928571428571428	0.886363636363636	0.638297872340425
070_spades.comp	0	0	1	1	1	1	1	0.916666666666667	0.923076923076923	0.923076923076923	0.928571428571429	0.8125	0.9375	0.6	1.4142135623731	0	0	0.0833333333333334	0.108785658644084	0.200644687984323	0.404853368517541	0	4	8	11	12	13	15	0	0	0	1	1	3	10	0	0	0	0	1	1	1	0	0	0	0	0	0	0	0	1	1	0.956521739130435	0.923076923076923	0.866666666666667	0.731707317073171
071_spades.comp	0	0	1	1	1	1	1	0.714285714285714	0.8	0.666666666666667	1	0.625	0.857142857142857	0.4	1.4142135623731	0	0	0.285714285714286	0.38873012632302	0.375	0.616772375569226	0	3	5	5	4	5	6	0	0	0	2	2	3	9	0	0	0	0	1	0	1	0	0	0	0	0	0	0	0	1	1	0.833333333333333	0.727272727272727	0.769230769230769	0.545454545454545
072_spades.comp	0	0	1	1	1	0.666666666666667	1	0.666666666666667	0.833333333333333	0.714285714285714	0.833333333333333	0.714285714285714	0.666666666666667	0.571428571428571	1.4142135623731	0	0.333333333333333	0.333333333333333	0.330772475939281	0.330772475939281	0.542940678618637	0	4	4	4	5	5	4	0	0	2	2	2	2	3	0	0	0	0	1	1	2	0	0	0	0	0	0	0	0	1	0.8	0.8	0.769230769230769	0.769230769230769	0.615384615384615
073_spades.comp	0	0	1	1	1	1	1	0.8	0.8	0.8	1	0.833333333333333	0.6	0.25	1.4142135623731	0	0	0.2	0.282842712474619	0.166666666666667	0.85	0	3	4	4	4	5	3	0	0	0	1	1	1	9	0	0	0	0	1	0	2	0	0	0	0	0	0	0	0	1	1	0.888888888888889	0.8	0.909090909090909	0.352941176470588
074_spades.comp	0	0	0.857142857142857	1	0.769230769230769	1	0.65	1	0.566666666666667	0.944444444444444	0.408163265306122	0.833333333333333	0.383561643835616	0.608695652173913	1.4142135623731	0.142857142857143	0.230769230769231	0.35	0.436880072251944	0.614856485946834	0.730147477964724	0	6	10	13	17	20	28	0	0	0	0	1	4	18	0	1	3	7	13	29	45	0	0	0	0	0	0	0	0	0.923076923076923	0.869565217391304	0.787878787878788	0.708333333333333	0.547945205479452	0.470588235294118
075_spades.comp	0	0	0.8	1	0.875	0.875	0.8	0.727272727272727	0.8	0.727272727272727	0.727272727272727	0.533333333333333	0.5	0.4	1.4142135623731	0.2	0.176776695296637	0.338201367958878	0.338201367958878	0.540516367066747	0.781024967590665	0	4	7	8	8	8	6	0	0	1	3	3	7	9	0	1	1	2	2	3	6	0	0	0	0	0	0	0	0	0.888888888888889	0.875	0.761904761904762	0.761904761904762	0.615384615384615	0.444444444444444
076_spades.comp	0	0	1	1	1	1	1	1	0.941176470588235	0.888888888888889	1	0.863636363636364	0.904761904761905	0.612903225806452	1.4142135623731	0	0	0	0.125721464455368	0.136363636363636	0.398640448745021	0	6	11	13	16	19	19	0	0	0	0	2	3	12	0	0	0	0	1	0	2	0	0	0	0	0	0	0	0	1	1	1	0.914285714285714	0.926829268292683	0.730769230769231
077_spades.comp	0	0	0.714285714285714	1	0.692307692307692	1	0.65	0.866666666666667	0.586206896551724	0.80952380952381	0.5	0.758620689655172	0.378787878787879	0.568181818181818	1.4142135623731	0.285714285714286	0.307692307692308	0.374536750904071	0.455528167734639	0.555215247865676	0.756552339028585	0	5	9	13	17	22	25	0	0	0	2	4	7	19	0	2	4	7	12	22	41	0	0	0	0	0	0	0	0	0.833333333333333	0.818181818181818	0.742857142857143	0.68	0.602739726027397	0.454545454545455
078_spades.comp	0	0	1	0.875	1	0.928571428571429	0.9	0.857142857142857	0.923076923076923	0.888888888888889	0.823529411764706	0.777777777777778	0.652173913043478	0.526315789473684	1.4142135623731	0.125	0.0714285714285714	0.174379365939053	0.135140070947367	0.283768540471796	0.587673138802026	0	7	13	18	24	28	30	1	1	1	3	3	8	27	1	0	0	2	2	6	16	0	0	0	0	0	0	0	0	0.933333333333333	0.962962962962963	0.878048780487805	0.905660377358491	0.8	0.58252427184466
079_spades.comp	0	0	1	0.875	1	0.928571428571429	0.947368421052632	0.818181818181818	0.892857142857143	0.833333333333333	0.847826086956522	0.764705882352941	0.686567164179104	0.547619047619048	1.4142135623731	0.125	0.0714285714285714	0.189282683682799	0.198134725917777	0.280214599209734	0.550353221711135	0	7	13	18	25	39	46	1	1	1	4	5	12	38	1	0	0	1	3	7	21	0	0	0	0	0	0	0	0	0.933333333333333	0.962962962962963	0.878048780487805	0.862068965517241	0.804123711340206	0.609271523178808
080_spades.comp	0	0	1	0.857142857142857	1	0.916666666666667	0.9375	0.9375	0.909090909090909	0.952380952380952	0.862068965517241	0.833333333333333	0.657142857142857	0.657142857142857	1.4142135623731	0.142857142857143	0.0833333333333334	0.0883883476483184	0.102625710745712	0.21633942787033	0.484873221385061	0	6	11	15	20	25	23	1	1	1	1	1	5	12	1	0	0	1	2	4	12	0	0	0	0	0	0	0	0	0.923076923076923	0.956521739130435	0.9375	0.930232558139535	0.847457627118644	0.657142857142857
081_spades.comp	0	0	0.666666666666667	0.8	0.818181818181818	0.9	0.882352941176471	0.833333333333333	0.8	0.666666666666667	0.75	0.529411764705882	0.615384615384615	0.333333333333333	1.4142135623731	0.38873012632302	0.20750385837297	0.204006392614557	0.38873012632302	0.532872674470395	0.769658001015571	0	4	9	15	16	18	16	1	1	1	3	8	16	32	1	2	2	2	4	6	10	0	0	0	0	0	0	0	0	0.727272727272727	0.857142857142857	0.857142857142857	0.727272727272727	0.620689655172414	0.432432432432432
082_spades.comp	0	0	1	0.857142857142857	1	0.916666666666667	1	0.85	0.958333333333333	0.821428571428571	0.878787878787879	0.763157894736842	0.755555555555556	0.566666666666667	1.4142135623731	0.142857142857143	0.0833333333333334	0.15	0.183368116675588	0.266057439576921	0.497524737271958	0	6	11	17	23	29	34	1	1	1	3	5	9	26	1	0	0	0	1	4	11	0	0	0	0	0	0	0	0	0.923076923076923	0.956521739130435	0.918918918918919	0.884615384615384	0.816901408450704	0.647619047619048
083_spades.comp	0	0	1	1	1	1	0.857142857142857	0.857142857142857	0.888888888888889	0.888888888888889	0.9	0.9	0.7	0.5	1.4142135623731	0	0	0.202030508910442	0.157134840263677	0.141421356237309	0.58309518948453	0	4	6	6	8	9	7	0	0	0	1	1	1	7	0	0	0	1	1	1	3	0	0	0	0	0	0	0	0	1	1	0.857142857142857	0.888888888888889	0.9	0.583333333333333
084_spades.comp	0	0	1	0.857142857142857	1	0.923076923076923	1	0.894736842105263	0.952380952380952	0.869565217391304	0.851851851851852	0.766666666666667	0.694444444444444	0.471698113207547	1.4142135623731	0.142857142857143	0.0769230769230769	0.105263157894737	0.13885534275037	0.276391603063787	0.610300811993012	0	6	12	17	20	23	25	1	1	1	2	3	7	28	1	0	0	0	1	4	11	0	0	0	0	0	0	0	0	0.923076923076923	0.96	0.944444444444444	0.909090909090909	0.807017543859649	0.561797752808989
085_spades.comp	0	0	1	0.833333333333333	1	0.916666666666667	0.941176470588235	0.842105263157895	0.916666666666667	0.88	0.848484848484849	0.848484848484849	0.731707317073171	0.566037735849057	1.4142135623731	0.166666666666667	0.0833333333333334	0.168496158813471	0.146097380005408	0.214274782177742	0.510200167012016	0	5	11	16	22	28	30	1	1	1	3	3	5	23	1	0	0	1	2	5	11	0	0	0	0	0	0	0	0	0.909090909090909	0.956521739130435	0.888888888888889	0.897959183673469	0.848484848484849	0.638297872340426
086_spades.comp	0	0	1	1	1	1	1	1	1	1	1	1	1	1	1.4142135623731	0	0	0	0	0	0	0	1	1	1	1	1	1	0	0	0	0	0	0	0	0	0	0	0	0	0	0	0	0	0	0	0	0	0	0	1	1	1	1	1	1
087_spades.comp	0	0	1	1	0.888888888888889	1	0.8	1	0.846153846153846	1	0.6875	0.916666666666667	0.523809523809524	0.578947368421053	1.4142135623731	0	0.111111111111111	0.2	0.153846153846154	0.323420306172084	0.635643522875888	0	5	8	8	11	11	11	0	0	0	0	0	1	8	0	0	1	2	2	5	10	0	0	0	0	0	0	0	0	1	0.941176470588235	0.888888888888889	0.916666666666667	0.785714285714286	0.55
088_spades.comp	0	0	1	0.857142857142857	0.916666666666667	0.916666666666667	0.894736842105263	0.894736842105263	0.846153846153846	0.846153846153846	0.815789473684211	0.75609756097561	0.75	0.583333333333333	1.4142135623731	0.142857142857143	0.117851130197758	0.148864585512957	0.217571317288168	0.305649992258444	0.485912657903775	0	6	11	17	22	31	42	1	1	1	2	4	10	30	1	0	1	2	4	7	14	0	0	0	0	0	0	0	0	0.923076923076923	0.916666666666667	0.894736842105263	0.846153846153846	0.784810126582278	0.65625
089_spades.comp	0	0	1	1	1	1	0.928571428571429	0.866666666666667	0.789473684210526	0.833333333333333	0.80952380952381	0.708333333333333	0.590909090909091	0.481481481481481	1.4142135623731	0	0	0.151260763564463	0.268512769561648	0.348354164009513	0.660467127075577	0	5	10	13	15	17	13	0	0	0	2	3	7	14	0	0	0	1	4	4	9	0	0	0	0	0	0	0	0	1	1	0.896551724137931	0.810810810810811	0.755555555555556	0.530612244897959
090_spades.comp	0	0	1	0.833333333333333	1	0.888888888888889	1	0.857142857142857	0.9375	0.833333333333333	0.8	0.727272727272727	0.782608695652174	0.620689655172414	1.4142135623731	0.166666666666667	0.111111111111111	0.142857142857143	0.178000078027449	0.338201367958878	0.437190252520881	0	5	8	12	15	16	18	1	1	1	2	3	6	11	1	0	0	0	1	4	5	0	0	0	0	0	0	0	0	0.909090909090909	0.941176470588235	0.923076923076923	0.882352941176471	0.761904761904762	0.692307692307692
091_spades.comp	0	0	1	1	1	1	0.909090909090909	0.909090909090909	0.916666666666667	0.916666666666667	0.916666666666667	0.846153846153846	0.769230769230769	0.625	1.4142135623731	0	0	0.128564869306645	0.117851130197758	0.1749659495379	0.440317428532897	0	5	8	10	11	11	10	0	0	0	1	1	2	6	0	0	0	1	1	1	3	0	0	0	0	0	0	0	0	1	1	0.909090909090909	0.916666666666667	0.88	0.689655172413793
092_spades.comp	0	0	1	0.857142857142857	0.833333333333333	0.909090909090909	0.833333333333333	0.882352941176471	0.703703703703704	0.904761904761905	0.6	0.857142857142857	0.472727272727273	0.634146341463415	1.4142135623731	0.142857142857143	0.189847940699116	0.204006392614557	0.311226268145032	0.424744821351957	0.641767425466753	0	6	10	15	19	24	26	1	1	1	2	2	4	15	1	0	2	3	8	16	29	0	0	0	0	0	0	0	0	0.923076923076923	0.869565217391304	0.857142857142857	0.791666666666667	0.705882352941176	0.541666666666667
093_spades.comp	0	0	1	1	1	0.875	1	0.888888888888889	0.909090909090909	0.909090909090909	0.916666666666667	0.916666666666667	0.846153846153846	0.733333333333333	1.4142135623731	0	0.125	0.111111111111111	0.128564869306645	0.117851130197758	0.307863200406228	0	5	7	8	10	11	11	0	0	1	1	1	1	4	0	0	0	0	1	1	2	0	0	0	0	0	0	0	0	1	0.933333333333333	0.941176470588235	0.909090909090909	0.916666666666667	0.785714285714286
094_spades.comp	0	0	1	1	1	1	1	0.8125	1	0.85	0.92	0.793103448275862	0.806451612903226	0.625	1.4142135623731	0	0	0.1875	0.15	0.221824667508685	0.422002343770462	0	6	12	13	17	23	25	0	0	0	3	3	6	15	0	0	0	0	0	2	6	0	0	0	0	0	0	0	0	1	1	0.896551724137931	0.918918918918919	0.851851851851852	0.704225352112676
095_spades.comp	0	0	1	0.875	1	0.916666666666667	0.866666666666667	0.8125	0.882352941176471	0.714285714285714	0.80952380952381	0.653846153846154	0.695652173913043	0.533333333333333	1.4142135623731	0.125	0.0833333333333334	0.230073961537975	0.308987837157147	0.395099562573059	0.557140356662156	0	7	11	13	15	17	16	1	1	1	3	6	9	14	1	0	0	2	2	4	7	0	0	0	0	0	0	0	0	0.933333333333333	0.956521739130435	0.838709677419355	0.789473684210526	0.723404255319149	0.60377358490566
096_spades.comp	0	0	0.75	0.75	0.833333333333333	0.833333333333333	0.833333333333333	0.714285714285714	0.833333333333333	0.555555555555556	0.666666666666667	0.4	0.666666666666667	0.307692307692308	1.4142135623731	0.353553390593274	0.235702260395516	0.330772475939281	0.474666874739863	0.686375342732467	0.768375593013933	0	3	5	5	5	4	4	0	1	1	2	4	6	9	0	1	1	1	1	2	2	0	0	0	0	0	0	0	0	0.75	0.833333333333333	0.769230769230769	0.666666666666667	0.5	0.421052631578947
097_spades.comp	0	0	0.714285714285714	1	0.692307692307692	1	0.6	1	0.466666666666667	1	0.408163265306122	0.909090909090909	0.309859154929577	0.5	1.4142135623731	0.285714285714286	0.307692307692308	0.4	0.533333333333333	0.598778075202348	0.852229068991734	0	5	9	12	14	20	22	0	0	0	0	0	2	22	0	2	4	8	16	29	49	0	0	0	0	0	0	0	0	0.833333333333333	0.818181818181818	0.75	0.636363636363636	0.563380281690141	0.382608695652174
098_spades.comp	0	0	1	0.875	1	0.928571428571429	1	0.863636363636364	0.961538461538462	0.892857142857143	0.971428571428571	0.829268292682927	0.767441860465116	0.523809523809524	1.4142135623731	0.125	0.0714285714285714	0.136363636363636	0.113837084368685	0.173105870535967	0.529944013909431	0	7	13	19	25	34	33	1	1	1	3	3	7	30	1	0	0	0	1	1	10	0	0	0	0	0	0	0	0	0.933333333333333	0.962962962962963	0.926829268292683	0.925925925925926	0.894736842105263	0.622641509433962
099_spades.comp	0	0	1	0.875	1	0.928571428571429	0.95	0.863636363636364	0.9	0.870967741935484	0.854166666666667	0.854166666666667	0.71875	0.597402597402597	1.4142135623731	0.125	0.0714285714285714	0.145241320987913	0.163246205533935	0.206239477846076	0.491107148266216	0	7	13	19	27	41	46	1	1	1	3	4	7	31	1	0	0	1	3	7	18	0	0	0	0	0	0	0	0	0.933333333333333	0.962962962962963	0.904761904761905	0.885245901639344	0.854166666666667	0.652482269503546
100_spades.comp	0	0	1	0.875	1	0.928571428571429	0.95	0.863636363636364	0.964285714285714	0.870967741935484	0.906976744186046	0.829787234042553	0.711864406779661	0.56	1.4142135623731	0.125	0.0714285714285714	0.145241320987913	0.133883657797767	0.193973482252376	0.525948780852695	0	7	13	19	27	39	42	1	1	1	3	4	8	33	1	0	0	1	1	4	17	0	0	0	0	0	0	0	0	0.933333333333333	0.962962962962963	0.904761904761905	0.915254237288136	0.866666666666667	0.626865671641791
