Filename	Kingdom_SSV	Kingdom_PPV	Phylum_SSV	Phylum_PPV	Class_SSV	Class_PPV	Order_SSV	Order_PPV	Family_SSV	Family_PPV	Genus_SSV	Genus_PPV	Species_SSV	Species_PPV	Kingdom_Dist	Phylum_Dist	Class_Dist	Order_Dist	Family_Dist	Genus_Dist	Species_Dist	Kingdom_TP	Phylum_TP	Class_TP	Order_TP	Family_TP	Genus_TP	Species_TP	Kingdom_FP	Phylum_FP	Class_FP	Order_FP	Family_FP	Genus_FP	Species_FP	Kingdom_FN	Phylum_FN	Class_FN	Order_FN	Family_FN	Genus_FN	Species_FN	Kingdom_TN	Phylum_TN	Class_TN	Order_TN	Family_TN	Genus_TN	Species_TN	Kingdom_F1	Phylum_F1	Class_F1	Order_F1	Family_F1	Genus_F1	Species_F1
001_spades.comp	0	0	1	1	1	1	1	0.894736842105263	0.958333333333333	0.851851851851852	0.894736842105263	0.829268292682927	0.735849056603774	0.590909090909091	1.4142135623731	0	0	0.105263157894737	0.153896019801802	0.200573299053925	0.486961079346125	0	6	12	17	23	34	39	0	0	0	2	4	7	27	0	0	0	0	1	4	14	0	0	0	0	0	0	0	0	1	1	0.944444444444444	0.901960784313726	0.860759493670886	0.65546218487395
002_spades.comp	0	0	1	0.875	1	0.928571428571429	0.95	0.95	0.857142857142857	0.923076923076923	0.857142857142857	0.857142857142857	0.737704918032787	0.576923076923077	1.4142135623731	0.125	0.0714285714285714	0.0707106781186548	0.162250802859708	0.202030508910442	0.497787899475694	0	7	13	19	24	36	45	1	1	1	1	2	6	33	1	0	0	1	4	6	16	0	0	0	0	0	0	0	0	0.933333333333333	0.962962962962963	0.95	0.888888888888889	0.857142857142857	0.647482014388489
003_spades.comp	0	0	1	1	1	0.9	0.909090909090909	0.909090909090909	0.928571428571429	0.928571428571429	0.875	0.875	0.666666666666667	0.631578947368421	1.4142135623731	0	0.1	0.128564869306645	0.101015254455221	0.176776695296637	0.496835166965133	0	6	9	10	13	14	12	0	0	1	1	1	2	7	0	0	0	1	1	2	6	0	0	0	0	0	0	0	0	1	0.947368421052632	0.909090909090909	0.928571428571429	0.875	0.648648648648649
004_spades.comp	0	0	1	0.833333333333333	1	0.888888888888889	1	0.923076923076923	1	1	0.928571428571429	0.928571428571429	0.866666666666667	0.722222222222222	1.4142135623731	0.166666666666667	0.111111111111111	0.0769230769230769	0	0.101015254455221	0.308120547196934	0	5	8	12	13	13	13	1	1	1	1	0	1	5	1	0	0	0	0	1	2	0	0	0	0	0	0	0	0	0.909090909090909	0.941176470588235	0.96	1	0.928571428571429	0.787878787878788
005_spades.comp	0	0	1	1	1	1	0.928571428571429	0.928571428571429	0.944444444444444	0.944444444444444	0.894736842105263	0.80952380952381	0.8	0.551724137931034	1.4142135623731	0	0	0.101015254455221	0.0785674201318387	0.217627000963332	0.490867852393772	0	6	10	13	17	17	16	0	0	0	1	1	4	13	0	0	0	1	1	2	4	0	0	0	0	0	0	0	0	1	1	0.928571428571429	0.944444444444444	0.85	0.653061224489796
006_spades.comp	0	0	1	0.875	1	0.928571428571429	0.95	0.863636363636364	0.896551724137931	0.866666666666667	0.822222222222222	0.822222222222222	0.698412698412698	0.571428571428571	1.4142135623731	0.125	0.0714285714285714	0.145241320987913	0.168758180710188	0.251415744421884	0.524049968864101	0	7	13	19	26	37	44	1	1	1	3	4	8	33	1	0	0	1	3	8	19	0	0	0	0	0	0	0	0	0.933333333333333	0.962962962962963	0.904761904761905	0.88135593220339	0.822222222222222	0.628571428571429
007_spades.comp	0	0	1	0.75	1	0.833333333333333	0.833333333333333	0.714285714285714	0.833333333333333	0.714285714285714	0.857142857142857	0.75	0.571428571428571	0.363636363636364	1.4142135623731	0.25	0.166666666666667	0.330772475939281	0.330772475939281	0.287937776724948	0.767223661700879	0	3	5	5	5	6	4	0	1	1	2	2	2	7	0	0	0	1	1	1	3	0	0	0	0	0	0	0	0	0.857142857142857	0.909090909090909	0.769230769230769	0.769230769230769	0.8	0.444444444444444
008_spades.comp	0	0	1	1	1	1	0.947368421052632	0.947368421052632	0.862068965517241	0.892857142857143	0.883720930232558	0.826086956521739	0.766666666666667	0.657142857142857	1.4142135623731	0	0	0.0744322927564788	0.174655552760909	0.209204609791116	0.414723359424819	0	6	12	18	25	38	46	0	0	0	1	3	8	24	0	0	0	1	4	5	14	0	0	0	0	0	0	0	0	1	1	0.947368421052632	0.87719298245614	0.853932584269663	0.707692307692308
009_spades.comp	0	0	1	0.833333333333333	1	0.916666666666667	0.928571428571429	0.8125	0.941176470588235	0.888888888888889	0.923076923076923	0.8	0.736842105263158	0.509090909090909	1.4142135623731	0.166666666666667	0.0833333333333334	0.200644687984323	0.125721464455368	0.214282896572063	0.556995343875976	0	5	11	13	16	24	28	1	1	1	3	2	6	27	1	0	0	1	1	2	10	0	0	0	0	0	0	0	0	0.909090909090909	0.956521739130435	0.866666666666667	0.914285714285714	0.857142857142857	0.602150537634409
010_spades.comp	0	0	1	1	1	1	1	0.875	1	0.875	1	0.777777777777778	1	0.777777777777778	1.4142135623731	0	0	0.125	0.125	0.222222222222222	0.222222222222222	0	6	6	7	7	7	7	0	0	0	1	1	2	2	0	0	0	0	0	0	0	0	0	0	0	0	0	0	0	1	1	0.933333333333333	0.933333333333333	0.875	0.875
011_spades.comp	0	0	1	0.857142857142857	1	0.916666666666667	0.941176470588235	0.842105263157895	0.88	0.916666666666667	0.931034482758621	0.870967741935484	0.771428571428571	0.613636363636364	1.4142135623731	0.142857142857143	0.0833333333333334	0.168496158813471	0.146097380005408	0.146306411990722	0.448911747967589	0	6	11	16	22	27	27	1	1	1	3	2	4	17	1	0	0	1	3	2	8	0	0	0	0	0	0	0	0	0.923076923076923	0.956521739130435	0.888888888888889	0.897959183673469	0.9	0.683544303797468
012_spades.comp	0	0	1	1	1	1	1	1	1	1	1	1	1	1	1.4142135623731	0	0	0	0	0	0	0	1	1	1	1	1	1	0	0	0	0	0	0	0	0	0	0	0	0	0	0	0	0	0	0	0	0	0	0	1	1	1	1	1	1
013_spades.comp	0	0	1	1	1	0.777777777777778	0.888888888888889	0.727272727272727	0.9	0.692307692307692	0.846153846153846	0.6875	0.6	0.428571428571429	1.4142135623731	0	0.222222222222222	0.294492519941682	0.323534474535586	0.348317224743845	0.697517463756212	0	5	7	8	9	11	9	0	0	2	3	4	5	12	0	0	0	1	1	2	6	0	0	0	0	0	0	0	0	1	0.875	0.8	0.782608695652174	0.758620689655172	0.5
014_spades.comp	0	0	1	0.875	1	0.928571428571429	1	0.875	0.9375	0.9375	0.857142857142857	0.857142857142857	0.545454545454545	0.387096774193548	1.4142135623731	0.125	0.0714285714285714	0.125	0.0883883476483184	0.202030508910442	0.763060898259037	0	7	13	14	15	18	12	1	1	1	2	1	3	19	1	0	0	0	1	3	10	0	0	0	0	0	0	0	0	0.933333333333333	0.962962962962963	0.933333333333333	0.9375	0.857142857142857	0.452830188679245
015_spades.comp	0	0	1	0.875	1	0.928571428571429	0.95	0.904761904761905	0.92	0.958333333333333	0.941176470588235	0.888888888888889	0.772727272727273	0.607142857142857	1.4142135623731	0.125	0.0714285714285714	0.107565304743586	0.0902003941848987	0.125721464455368	0.453860801629598	0	7	13	19	23	32	34	1	1	1	2	1	4	22	1	0	0	1	2	2	10	0	0	0	0	0	0	0	0	0.933333333333333	0.962962962962963	0.926829268292683	0.938775510204082	0.914285714285714	0.68
016_spades.comp	0	0	1	0.833333333333333	1	0.888888888888889	0.888888888888889	0.727272727272727	0.9	0.642857142857143	0.909090909090909	0.666666666666667	0.833333333333333	0.555555555555556	1.4142135623731	0.166666666666667	0.111111111111111	0.294492519941682	0.370878713878491	0.345507704575496	0.474666874739863	0	5	8	8	9	10	10	0	1	1	3	5	5	8	0	0	0	1	1	1	2	0	0	0	0	0	0	0	0	0.909090909090909	0.941176470588235	0.8	0.75	0.769230769230769	0.666666666666667
017_spades.comp	0	0	1	0.75	1	0.857142857142857	0.947368421052632	0.782608695652174	0.923076923076923	0.857142857142857	0.944444444444444	0.871794871794872	0.772727272727273	0.618181818181818	1.4142135623731	0.25	0.142857142857143	0.223671773607092	0.162250802859708	0.13972463866899	0.444339978539998	0	6	12	18	24	34	34	1	2	2	5	4	5	21	1	0	0	1	2	2	10	0	0	0	0	0	0	0	0	0.857142857142857	0.923076923076923	0.857142857142857	0.888888888888889	0.906666666666667	0.686868686868687
018_spades.comp	0	0	1	1	0.875	1	0.909090909090909	0.909090909090909	0.785714285714286	0.846153846153846	0.857142857142857	0.857142857142857	0.764705882352941	0.684210526315789	1.4142135623731	0	0.125	0.128564869306645	0.263793491959512	0.202030508910442	0.393809996685024	0	4	7	10	11	12	13	0	0	0	1	2	2	6	0	0	1	1	3	2	4	0	0	0	0	0	0	0	0	1	0.933333333333333	0.909090909090909	0.814814814814815	0.857142857142857	0.722222222222222
019_spades.comp	0	0	1	1	0.875	1	0.9	1	0.857142857142857	1	0.714285714285714	0.909090909090909	0.625	0.625	1.4142135623731	0	0.125	0.1	0.142857142857143	0.299828477418576	0.530330085889911	0	5	7	9	12	10	10	0	0	0	0	0	1	6	0	0	1	1	2	4	6	0	0	0	0	0	0	0	0	1	0.933333333333333	0.947368421052632	0.923076923076923	0.8	0.625
020_spades.comp	0	0	1	0.857142857142857	1	0.923076923076923	1	0.80952380952381	1	0.84	0.931034482758621	0.794117647058823	0.818181818181818	0.658536585365854	1.4142135623731	0.142857142857143	0.0769230769230769	0.19047619047619	0.16	0.217126197914867	0.386852833482295	0	6	12	17	21	27	27	1	1	1	4	4	7	14	1	0	0	0	0	2	6	0	0	0	0	0	0	0	0	0.923076923076923	0.96	0.894736842105263	0.91304347826087	0.857142857142857	0.72972972972973
021_spades.comp	0	0	0.666666666666667	0.8	0.7	0.777777777777778	0.785714285714286	0.846153846153846	0.8	0.8	0.722222222222222	0.764705882352941	0.6	0.666666666666667	1.4142135623731	0.38873012632302	0.373339947031365	0.263793491959512	0.282842712474619	0.364038206273007	0.52068331172711	0	4	7	11	12	13	12	1	1	2	2	3	4	6	1	2	3	3	3	5	8	0	0	0	0	0	0	0	0	0.727272727272727	0.736842105263158	0.814814814814815	0.8	0.742857142857143	0.631578947368421
022_spades.comp	0	0	1	0.8	1	0.8	1	0.625	0.8	0.666666666666667	0.8	0.666666666666667	0.833333333333333	0.555555555555556	1.4142135623731	0.2	0.2	0.375	0.38873012632302	0.38873012632302	0.474666874739863	0	4	4	5	4	4	5	1	1	1	3	2	2	4	1	0	0	0	1	1	1	0	0	0	0	0	0	0	0	0.888888888888889	0.888888888888889	0.769230769230769	0.727272727272727	0.727272727272727	0.666666666666667
023_spades.comp	0	0	0.857142857142857	0.857142857142857	0.923076923076923	0.923076923076923	0.947368421052632	0.9	0.869565217391304	0.909090909090909	0.764705882352941	0.896551724137931	0.622222222222222	0.666666666666667	1.4142135623731	0.202030508910442	0.108785658644084	0.113004792387284	0.158989607597777	0.257030868920725	0.503812624389095	0	6	12	18	20	26	28	1	1	1	2	2	3	14	1	1	1	1	3	8	17	0	0	0	0	0	0	0	0	0.857142857142857	0.923076923076923	0.923076923076923	0.888888888888889	0.825396825396825	0.64367816091954
024_spades.comp	0	0	1	1	1	1	1	1	1	1	1	0.833333333333333	0.8	0.8	1.4142135623731	0	0	0	0	0.166666666666667	0.282842712474619	0	3	4	5	5	5	4	0	0	0	0	0	1	1	0	0	0	0	0	0	1	0	0	0	0	0	0	0	0	1	1	1	1	0.909090909090909	0.8
025_spades.comp	0	0	1	0.857142857142857	1	0.916666666666667	1	0.85	0.96	0.888888888888889	0.970588235294118	0.804878048780488	0.772727272727273	0.576271186440678	1.4142135623731	0.142857142857143	0.0833333333333334	0.15	0.118091824494102	0.19732619631165	0.480831571345283	0	6	11	17	24	33	34	1	1	1	3	3	8	25	1	0	0	0	1	1	10	0	0	0	0	0	0	0	0	0.923076923076923	0.956521739130435	0.918918918918919	0.923076923076923	0.88	0.660194174757282
026_spades.comp	0	0	1	1	1	1	0.933333333333333	0.823529411764706	0.9	0.75	0.91304347826087	0.636363636363636	0.67741935483871	0.355932203389831	1.4142135623731	0	0	0.188643348561658	0.269258240356725	0.373888809182149	0.720334366293149	0	6	12	14	18	21	21	0	0	0	3	6	12	38	0	0	0	1	2	2	10	0	0	0	0	0	0	0	0	1	1	0.875	0.818181818181818	0.75	0.466666666666667
027_spades.comp	0	0	1	1	0.833333333333333	0.833333333333333	0.75	0.857142857142857	0.75	0.857142857142857	0.666666666666667	0.75	0.555555555555556	0.625	1.4142135623731	0	0.235702260395516	0.287937776724948	0.287937776724948	0.416666666666667	0.581511705984953	0	4	5	6	6	6	5	0	0	1	1	1	2	3	0	0	1	2	2	3	4	0	0	0	0	0	0	0	0	1	0.833333333333333	0.8	0.8	0.705882352941177	0.588235294117647
028_spades.comp	0	0	1	1	1	1	1	0.875	1	0.9	1	0.9	0.777777777777778	0.466666666666667	1.4142135623731	0	0	0.125	0.1	0.1	0.577777777777778	0	5	7	7	9	9	7	0	0	0	1	1	1	8	0	0	0	0	0	0	2	0	0	0	0	0	0	0	0	1	1	0.933333333333333	0.947368421052632	0.947368421052632	0.583333333333333
029_spades.comp	0	0	0.714285714285714	1	0.461538461538462	1	0.368421052631579	0.875	0.285714285714286	0.888888888888889	0.25	0.846153846153846	0.19672131147541	0.571428571428571	1.4142135623731	0.285714285714286	0.538461538461538	0.643829920677039	0.722876034078457	0.765616509130553	0.910455996095111	0	5	6	7	8	11	12	0	0	0	1	1	2	9	0	2	7	12	20	33	49	0	0	0	0	0	0	0	0	0.833333333333333	0.631578947368421	0.518518518518518	0.432432432432432	0.385964912280702	0.292682926829268
030_spades.comp	0	0	1	1	1	1	0.95	1	0.896551724137931	0.962962962962963	0.8125	0.951219512195122	0.681159420289855	0.796610169491525	1.4142135623731	0	0	0.05	0.109878514238761	0.193741544307053	0.378188760309144	0	7	13	19	26	39	47	0	0	0	0	1	2	12	0	0	0	1	3	9	22	0	0	0	0	0	0	0	0	1	1	0.974358974358974	0.928571428571428	0.876404494382023	0.734375
031_spades.comp	0	0	1	0.875	1	0.923076923076923	0.941176470588235	0.888888888888889	0.91304347826087	0.954545454545455	0.931034482758621	0.9	0.742857142857143	0.509803921568627	1.4142135623731	0.125	0.0769230769230769	0.125721464455368	0.0981200915992602	0.121475275543507	0.553547327957681	0	7	12	16	21	27	26	1	1	1	2	1	3	25	1	0	0	1	2	2	9	0	0	0	0	0	0	0	0	0.933333333333333	0.96	0.914285714285714	0.933333333333333	0.915254237288136	0.604651162790698
032_spades.comp	0	0	1	1	1	1	1	1	1	1	1	1	0.333333333333333	0.2	1.4142135623731	0	0	0	0	0	1.04136662345422	0	2	2	3	3	3	1	0	0	0	0	0	0	4	0	0	0	0	0	0	2	0	0	0	0	0	0	0	0	1	1	1	1	1	0.25
033_spades.comp	0	0	1	0.875	1	0.818181818181818	1	0.857142857142857	0.857142857142857	0.857142857142857	0.842105263157895	0.761904761904762	0.75	0.529411764705882	1.4142135623731	0.125	0.181818181818182	0.142857142857143	0.202030508910442	0.285692300081864	0.532872674470395	0	7	9	12	12	16	18	1	1	2	2	2	5	16	1	0	0	0	2	3	6	0	0	0	0	0	0	0	0	0.933333333333333	0.9	0.923076923076923	0.857142857142857	0.8	0.620689655172414
034_spades.comp	0	0	1	1	1	1	0.75	0.75	0.75	0.75	0.75	0.75	0.75	0.75	1.4142135623731	0	0	0.353553390593274	0.353553390593274	0.353553390593274	0.353553390593274	0	3	3	3	3	3	3	0	0	0	1	1	1	1	0	0	0	1	1	1	1	0	0	0	0	0	0	0	0	1	1	0.75	0.75	0.75	0.75
035_spades.comp	0	0	1	1	1	0.857142857142857	0.875	0.875	0.7	0.875	0.6	0.857142857142857	0.363636363636364	0.444444444444444	1.4142135623731	0	0.142857142857143	0.176776695296637	0.325	0.424744821351957	0.844748869780003	0	5	6	7	7	6	4	0	0	1	1	1	1	5	0	0	0	1	3	4	7	0	0	0	0	0	0	0	0	1	0.923076923076923	0.875	0.777777777777778	0.705882352941176	0.4
036_spades.comp	0	0	1	0.833333333333333	1	0.777777777777778	0.9	0.818181818181818	0.916666666666667	0.916666666666667	0.875	0.875	0.666666666666667	0.347826086956522	1.4142135623731	0.166666666666667	0.222222222222222	0.20750385837297	0.117851130197758	0.176776695296637	0.732421957593813	0	5	7	9	11	14	16	1	1	2	2	1	2	30	1	0	0	1	1	2	8	0	0	0	0	0	0	0	0	0.909090909090909	0.875	0.857142857142857	0.916666666666667	0.875	0.457142857142857
037_spades.comp	0	0	1	0.857142857142857	1	0.909090909090909	0.928571428571429	0.866666666666667	0.9375	0.9375	0.904761904761905	0.791666666666667	0.8	0.625	1.4142135623731	0.142857142857143	0.0909090909090909	0.151260763564463	0.0883883476483184	0.229070016724927	0.425	0	6	10	13	15	19	20	1	1	1	2	1	5	12	1	0	0	1	1	2	5	0	0	0	0	0	0	0	0	0.923076923076923	0.952380952380952	0.896551724137931	0.9375	0.844444444444445	0.701754385964912
038_spades.comp	0	0	1	0.875	1	0.928571428571429	0.95	0.826086956521739	0.931034482758621	0.818181818181818	0.869565217391304	0.8	0.681159420289855	0.534090909090909	1.4142135623731	0.125	0.0714285714285714	0.180957858883972	0.194458462937565	0.238774438569495	0.564562305030753	0	7	13	19	27	40	47	1	1	1	4	6	10	41	1	0	0	1	2	6	22	0	0	0	0	0	0	0	0	0.933333333333333	0.962962962962963	0.883720930232558	0.870967741935484	0.833333333333333	0.598726114649682
039_spades.comp	0	0	0.857142857142857	1	0.923076923076923	1	0.944444444444444	0.85	0.888888888888889	0.888888888888889	0.82051282051282	0.761904761904762	0.581818181818182	0.60377358490566	1.4142135623731	0.142857142857143	0.0769230769230769	0.159957556098755	0.157134840263677	0.29816939816804	0.576082810953741	0	6	12	17	24	32	32	0	0	0	3	3	10	21	0	1	1	1	3	7	23	0	0	0	0	0	0	0	0	0.923076923076923	0.96	0.894736842105263	0.888888888888889	0.790123456790123	0.592592592592593
040_spades.comp	0	0	1	1	1	0.9	1	0.846153846153846	0.933333333333333	0.875	0.941176470588235	0.888888888888889	0.761904761904762	0.516129032258065	1.4142135623731	0	0.1	0.153846153846154	0.141666666666667	0.125721464455368	0.539277716790844	0	6	9	11	14	16	16	0	0	1	2	2	2	15	0	0	0	0	1	1	5	0	0	0	0	0	0	0	0	1	0.947368421052632	0.916666666666667	0.903225806451613	0.914285714285714	0.615384615384615
041_spades.comp	0	0	1	0.875	1	0.928571428571429	0.95	0.863636363636364	0.931034482758621	0.84375	0.854166666666667	0.788461538461538	0.7	0.604938271604938	1.4142135623731	0.125	0.0714285714285714	0.145241320987913	0.170793164583279	0.256935559666564	0.496058231705204	0	7	13	19	27	41	49	1	1	1	3	5	11	32	1	0	0	1	2	7	21	0	0	0	0	0	0	0	0	0.933333333333333	0.962962962962963	0.904761904761905	0.885245901639344	0.82	0.649006622516556
043_spades.comp	0	0	1	1	0.916666666666667	1	0.894736842105263	1	0.666666666666667	1	0.611111111111111	1	0.416666666666667	0.740740740740741	1.4142135623731	0	0.0833333333333334	0.105263157894737	0.333333333333333	0.388888888888889	0.638351894560859	0	7	11	17	18	22	20	0	0	0	0	0	0	7	0	0	1	2	9	14	28	0	0	0	0	0	0	0	0	1	0.956521739130435	0.944444444444444	0.8	0.758620689655172	0.533333333333333
044_spades.comp	0	0	0.857142857142857	0.857142857142857	0.909090909090909	0.909090909090909	0.933333333333333	0.823529411764706	0.869565217391304	0.909090909090909	0.7	0.84	0.485714285714286	0.485714285714286	1.4142135623731	0.202030508910442	0.128564869306645	0.188643348561658	0.158989607597777	0.34	0.727309832077592	0	6	10	14	20	21	17	1	1	1	3	2	4	18	1	1	1	1	3	9	18	0	0	0	0	0	0	0	0	0.857142857142857	0.909090909090909	0.875	0.888888888888889	0.763636363636364	0.485714285714286
045_spades.comp	0	0	1	0.857142857142857	0.916666666666667	0.916666666666667	0.894736842105263	0.85	0.888888888888889	0.857142857142857	0.86046511627907	0.822222222222222	0.76271186440678	0.592105263157895	1.4142135623731	0.142857142857143	0.117851130197758	0.183249372195302	0.180980226206212	0.225997615134803	0.471893818180316	0	6	11	17	24	37	45	1	1	1	3	4	8	31	1	0	1	2	3	6	14	0	0	0	0	0	0	0	0	0.923076923076923	0.916666666666667	0.871794871794872	0.872727272727273	0.840909090909091	0.666666666666667
046_spades.comp	0	0	0.857142857142857	0.857142857142857	0.846153846153846	0.916666666666667	0.85	0.894736842105263	0.758620689655172	0.916666666666667	0.658536585365854	0.794117647058823	0.578947368421053	0.5	1.4142135623731	0.202030508910442	0.1749659495379	0.183249372195302	0.255359385782056	0.398728989147022	0.653670649914433	0	6	11	17	22	27	33	1	1	1	2	2	7	33	1	1	2	3	7	14	24	0	0	0	0	0	0	0	0	0.857142857142857	0.88	0.871794871794872	0.830188679245283	0.72	0.536585365853658
047_spades.comp	0	0	1	0.857142857142857	1	0.923076923076923	1	0.85	1	0.827586206896552	0.970588235294118	0.75	0.755102040816326	0.552238805970149	1.4142135623731	0.142857142857143	0.0769230769230769	0.15	0.172413793103448	0.251724158362113	0.510357813001198	0	6	12	17	24	33	37	1	1	1	3	5	11	30	1	0	0	0	0	1	12	0	0	0	0	0	0	0	0	0.923076923076923	0.96	0.918918918918919	0.905660377358491	0.846153846153846	0.637931034482759
048_spades.comp	0	0	1	0.875	1	0.923076923076923	1	0.875	1	0.947368421052632	1	0.916666666666667	0.791666666666667	0.558823529411765	1.4142135623731	0.125	0.0769230769230769	0.125	0.0526315789473685	0.0833333333333334	0.487892873465549	0	7	12	14	18	22	19	1	1	1	2	1	2	15	1	0	0	0	0	0	5	0	0	0	0	0	0	0	0	0.933333333333333	0.96	0.933333333333333	0.972972972972973	0.956521739130435	0.655172413793103
049_spades.comp	0	0	1	0.875	1	0.928571428571429	0.95	0.826086956521739	0.925925925925926	0.833333333333333	0.897435897435897	0.74468085106383	0.814814814814815	0.523809523809524	1.4142135623731	0.125	0.0714285714285714	0.180957858883972	0.182386255588817	0.275149528344626	0.510931426344655	0	7	13	19	25	35	44	1	1	1	4	5	12	40	1	0	0	1	2	4	10	0	0	0	0	0	0	0	0	0.933333333333333	0.962962962962963	0.883720930232558	0.87719298245614	0.813953488372093	0.63768115942029
050_spades.comp	0	0	1	1	1	1	1	0.833333333333333	0.916666666666667	0.733333333333333	0.923076923076923	0.75	0.8	0.545454545454545	1.4142135623731	0	0	0.166666666666667	0.27938424357067	0.261566740552605	0.496600010318097	0	4	9	10	11	12	12	0	0	0	2	4	4	10	0	0	0	0	1	1	3	0	0	0	0	0	0	0	0	1	1	0.909090909090909	0.814814814814815	0.827586206896552	0.648648648648649
051_spades.comp	0	0	1	0.857142857142857	1	0.833333333333333	0.928571428571429	0.764705882352941	0.888888888888889	0.8	0.92	0.638888888888889	0.78125	0.480769230769231	1.4142135623731	0.142857142857143	0.166666666666667	0.245897056947891	0.228791780910822	0.369866509119035	0.563428925611719	0	6	10	13	16	23	25	1	1	2	4	4	13	27	1	0	0	1	2	2	7	0	0	0	0	0	0	0	0	0.923076923076923	0.909090909090909	0.838709677419355	0.842105263157895	0.754098360655738	0.595238095238095
052_spades.comp	0	0	1	1	1	0.909090909090909	0.9375	0.9375	0.944444444444444	0.894736842105263	0.91304347826087	0.807692307692308	0.7	0.51219512195122	1.4142135623731	0	0.0909090909090909	0.0883883476483184	0.119024166298524	0.211053749537121	0.572672331310136	0	5	10	15	17	21	21	0	0	1	1	2	5	20	0	0	0	1	1	2	9	0	0	0	0	0	0	0	0	1	0.952380952380952	0.9375	0.918918918918919	0.857142857142857	0.591549295774648
053_spades.comp	0	0	0.857142857142857	0.857142857142857	0.923076923076923	0.923076923076923	0.9	0.857142857142857	0.866666666666667	0.838709677419355	0.829787234042553	0.8125	0.647058823529412	0.6875	1.4142135623731	0.202030508910442	0.108785658644084	0.174379365939053	0.209266208299253	0.253236323806212	0.471406113715598	0	6	12	18	26	39	44	1	1	1	3	5	9	20	1	1	1	2	4	8	24	0	0	0	0	0	0	0	0	0.857142857142857	0.923076923076923	0.878048780487805	0.852459016393443	0.821052631578947	0.666666666666667
054_spades.comp	0	0	1	0.875	1	0.928571428571429	0.947368421052632	0.857142857142857	0.892857142857143	0.833333333333333	0.909090909090909	0.816326530612245	0.754098360655738	0.51685393258427	1.4142135623731	0.125	0.0714285714285714	0.152244035573809	0.198134725917777	0.204940006262447	0.542123361137925	0	7	13	18	25	40	46	1	1	1	3	5	9	43	1	0	0	1	3	4	15	0	0	0	0	0	0	0	0	0.933333333333333	0.962962962962963	0.9	0.862068965517241	0.860215053763441	0.613333333333333
055_spades.comp	0	0	1	0.833333333333333	1	0.916666666666667	0.941176470588235	0.888888888888889	0.904761904761905	0.863636363636364	0.862068965517241	0.714285714285714	0.6875	0.523809523809524	1.4142135623731	0.166666666666667	0.0833333333333334	0.125721464455368	0.166328999596867	0.317265855923244	0.569573190744186	0	5	11	16	19	25	22	1	1	1	2	3	10	20	1	0	0	1	2	4	10	0	0	0	0	0	0	0	0	0.909090909090909	0.956521739130435	0.914285714285714	0.883720930232558	0.78125	0.594594594594595
056_spades.comp	0	0	1	0.875	1	0.928571428571429	0.95	0.95	0.952380952380952	0.909090909090909	0.931034482758621	0.771428571428571	0.705882352941177	0.533333333333333	1.4142135623731	0.125	0.0714285714285714	0.0707106781186548	0.102625710745712	0.238749116286437	0.551618498682918	0	7	13	19	20	27	24	1	1	1	1	2	8	21	1	0	0	1	1	2	10	0	0	0	0	0	0	0	0	0.933333333333333	0.962962962962963	0.95	0.930232558139535	0.84375	0.607594936708861
057_spades.comp	0	0	0.857142857142857	0.857142857142857	0.923076923076923	0.923076923076923	0.944444444444444	0.894736842105263	0.863636363636364	0.826086956521739	0.833333333333333	0.689655172413793	0.451612903225806	0.285714285714286	1.4142135623731	0.202030508910442	0.108785658644084	0.119024166298524	0.220999520393564	0.352266503924643	0.900517900733285	0	6	12	17	19	20	14	1	1	1	2	4	9	35	1	1	1	1	3	4	17	0	0	0	0	0	0	0	0	0.857142857142857	0.923076923076923	0.918918918918919	0.844444444444445	0.754716981132076	0.35
058_spades.comp	0	0	1	1	1	0.727272727272727	1	0.6875	1	0.666666666666667	0.956521739130435	0.647058823529412	0.823529411764706	0.518518518518518	1.4142135623731	0	0.272727272727273	0.3125	0.333333333333333	0.355609101706754	0.512802384473506	0	6	8	11	14	22	28	0	0	3	5	7	12	26	0	0	0	0	0	1	6	0	0	0	0	0	0	0	0	1	0.842105263157895	0.814814814814815	0.8	0.771929824561404	0.636363636363636
059_spades.comp	0	0	1	0.833333333333333	1	0.636363636363636	1	0.666666666666667	1	0.666666666666667	1	0.571428571428571	0.875	0.466666666666667	1.4142135623731	0.166666666666667	0.363636363636364	0.333333333333333	0.333333333333333	0.428571428571429	0.547785947651493	0	5	7	8	8	8	7	1	1	4	4	4	6	8	1	0	0	0	0	0	1	0	0	0	0	0	0	0	0	0.909090909090909	0.777777777777778	0.8	0.8	0.727272727272727	0.608695652173913
060_spades.comp	0	0	1	0.857142857142857	1	0.923076923076923	1	0.9	0.962962962962963	0.896551724137931	0.840909090909091	0.822222222222222	0.666666666666667	0.636363636363636	1.4142135623731	0.142857142857143	0.0769230769230769	0.1	0.109878514238761	0.238568345819341	0.493297593821203	0	6	12	18	26	37	42	0	1	1	2	3	8	24	0	0	0	0	1	7	21	0	0	0	0	0	0	0	0	0.923076923076923	0.96	0.947368421052632	0.928571428571428	0.831460674157303	0.651162790697674
061_spades.comp	0	0	1	1	0.916666666666667	1	0.882352941176471	0.9375	0.888888888888889	0.941176470588235	0.826086956521739	0.826086956521739	0.607142857142857	0.5	1.4142135623731	0	0.0833333333333334	0.133218168617599	0.125721464455368	0.245950184760538	0.635874779098745	0	6	11	15	16	19	17	0	0	0	1	1	4	17	0	0	1	2	2	4	11	0	0	0	0	0	0	0	0	1	0.956521739130435	0.909090909090909	0.914285714285714	0.826086956521739	0.548387096774194
062_spades.comp	0	0	1	1	1	1	1	0.785714285714286	1	0.705882352941177	0.9375	0.681818181818182	0.75	0.48	1.4142135623731	0	0	0.214285714285714	0.294117647058823	0.324262115304097	0.576974869470066	0	5	10	11	12	15	12	0	0	0	3	5	7	13	0	0	0	0	0	1	4	0	0	0	0	0	0	0	0	1	1	0.88	0.827586206896552	0.789473684210526	0.585365853658537
063_spades.comp	0	0	1	0.875	1	0.928571428571429	0.95	0.863636363636364	0.896551724137931	0.928571428571429	0.878048780487805	0.837209302325581	0.694915254237288	0.561643835616438	1.4142135623731	0.125	0.0714285714285714	0.145241320987913	0.125712316799752	0.203403321481817	0.534071932374438	0	7	13	19	26	36	41	1	1	1	3	2	7	32	1	0	0	1	3	5	18	0	0	0	0	0	0	0	0	0.933333333333333	0.962962962962963	0.904761904761905	0.912280701754386	0.857142857142857	0.621212121212121
064_spades.comp	0	0	1	0.833333333333333	1	0.916666666666667	1	0.823529411764706	1	0.761904761904762	0.916666666666667	0.666666666666667	0.714285714285714	0.416666666666667	1.4142135623731	0.166666666666667	0.0833333333333334	0.176470588235294	0.238095238095238	0.343592135468138	0.649546326938273	0	5	11	14	16	22	20	0	1	1	3	5	11	28	0	0	0	0	0	2	8	0	0	0	0	0	0	0	0	0.909090909090909	0.956521739130435	0.903225806451613	0.864864864864865	0.771929824561404	0.526315789473684
065_spades.comp	0	0	1	1	1	1	0.909090909090909	0.909090909090909	0.916666666666667	0.846153846153846	0.875	0.875	0.666666666666667	0.666666666666667	1.4142135623731	0	0	0.128564869306645	0.1749659495379	0.176776695296637	0.471404520791032	0	5	8	10	11	14	12	0	0	0	1	2	2	6	0	0	0	1	1	2	6	0	0	0	0	0	0	0	0	1	1	0.909090909090909	0.88	0.875	0.666666666666667
066_spades.comp	0	0	1	1	1	1	1	0.75	1	0.75	1	0.6	1	0.6	1.4142135623731	0	0	0.25	0.25	0.4	0.4	0	3	3	3	3	3	3	0	0	0	1	1	2	2	0	0	0	0	0	0	0	0	0	0	0	0	0	0	0	1	1	0.857142857142857	0.857142857142857	0.75	0.75
067_spades.comp	0	0	1	1	1	1	1	0.923076923076923	0.857142857142857	0.923076923076923	0.777777777777778	0.823529411764706	0.666666666666667	0.56	1.4142135623731	0	0	0.0769230769230769	0.162250802859708	0.283768540471796	0.552006441186252	0	3	8	12	12	14	14	0	0	0	1	1	3	11	0	0	0	0	2	4	7	0	0	0	0	0	0	0	0	1	1	0.96	0.888888888888889	0.8	0.608695652173913
068_spades.comp	0	0	1	0.875	1	0.857142857142857	0.947368421052632	0.818181818181818	0.931034482758621	0.84375	0.95	0.808510638297872	0.781818181818182	0.558441558441558	1.4142135623731	0.125	0.142857142857143	0.189282683682799	0.170793164583279	0.197909513781143	0.492521231112572	0	7	12	18	27	38	43	1	1	2	4	5	9	34	1	0	0	1	2	2	12	0	0	0	0	0	0	0	0	0.933333333333333	0.923076923076923	0.878048780487805	0.885245901639344	0.873563218390805	0.651515151515151
069_spades.comp	0	0	1	0.875	1	0.928571428571429	0.95	0.95	0.931034482758621	0.964285714285714	0.909090909090909	0.888888888888889	0.796875	0.614457831325301	1.4142135623731	0.125	0.0714285714285714	0.0707106781186548	0.0776643597311703	0.143562327308605	0.435778073623938	0	7	13	19	27	40	51	1	1	1	1	1	5	32	1	0	0	1	2	4	13	0	0	0	0	0	0	0	0	0.933333333333333	0.962962962962963	0.95	0.947368421052632	0.898876404494382	0.693877551020408
070_spades.comp	0	0	1	1	1	1	1	0.916666666666667	0.923076923076923	0.923076923076923	0.928571428571429	0.8125	0.9375	0.6	1.4142135623731	0	0	0.0833333333333334	0.108785658644084	0.200644687984323	0.404853368517541	0	4	8	11	12	13	15	0	0	0	1	1	3	10	0	0	0	0	1	1	1	0	0	0	0	0	0	0	0	1	1	0.956521739130435	0.923076923076923	0.866666666666667	0.731707317073171
071_spades.comp	0	0	1	1	1	1	1	0.714285714285714	0.8	0.666666666666667	1	0.625	0.857142857142857	0.4	1.4142135623731	0	0	0.285714285714286	0.38873012632302	0.375	0.616772375569226	0	3	5	5	4	5	6	0	0	0	2	2	3	9	0	0	0	0	1	0	1	0	0	0	0	0	0	0	0	1	1	0.833333333333333	0.727272727272727	0.769230769230769	0.545454545454545
072_spades.comp	0	0	1	1	1	0.666666666666667	1	0.666666666666667	1	0.75	1	0.75	0.833333333333333	0.625	1.4142135623731	0	0.333333333333333	0.333333333333333	0.25	0.25	0.410369075074838	0	4	4	4	6	6	5	0	0	2	2	2	2	3	0	0	0	0	0	0	1	0	0	0	0	0	0	0	0	1	0.8	0.8	0.857142857142857	0.857142857142857	0.714285714285714
073_spades.comp	0	0	1	1	1	1	1	0.8	0.8	0.8	1	0.833333333333333	0.6	0.25	1.4142135623731	0	0	0.2	0.282842712474619	0.166666666666667	0.85	0	3	4	4	4	5	3	0	0	0	1	1	1	9	0	0	0	0	1	0	2	0	0	0	0	0	0	0	0	1	1	0.888888888888889	0.8	0.909090909090909	0.352941176470588
074_spades.comp	0	0	0.857142857142857	1	0.769230769230769	1	0.65	1	0.566666666666667	0.944444444444444	0.408163265306122	0.833333333333333	0.383561643835616	0.608695652173913	1.4142135623731	0.142857142857143	0.230769230769231	0.35	0.436880072251944	0.614856485946834	0.730147477964724	0	6	10	13	17	20	28	0	0	0	0	1	4	18	0	1	3	7	13	29	45	0	0	0	0	0	0	0	0	0.923076923076923	0.869565217391304	0.787878787878788	0.708333333333333	0.547945205479452	0.470588235294118
075_spades.comp	0	0	1	1	1	0.888888888888889	0.9	0.75	0.9	0.75	0.818181818181818	0.5625	0.5	0.4	1.4142135623731	0	0.111111111111111	0.269258240356725	0.269258240356725	0.473776425373477	0.781024967590665	0	5	8	9	9	9	6	0	0	1	3	3	7	9	0	0	0	1	1	2	6	0	0	0	0	0	0	0	0	1	0.941176470588235	0.818181818181818	0.818181818181818	0.666666666666667	0.444444444444444
076_spades.comp	0	0	1	1	1	1	1	1	0.941176470588235	0.888888888888889	1	0.863636363636364	0.904761904761905	0.612903225806452	1.4142135623731	0	0	0	0.125721464455368	0.136363636363636	0.398640448745021	0	6	11	13	16	19	19	0	0	0	0	2	3	12	0	0	0	0	1	0	2	0	0	0	0	0	0	0	0	1	1	1	0.914285714285714	0.926829268292683	0.730769230769231
077_spades.comp	0	0	0.714285714285714	1	0.692307692307692	1	0.65	0.866666666666667	0.586206896551724	0.80952380952381	0.5	0.758620689655172	0.378787878787879	0.555555555555556	1.4142135623731	0.285714285714286	0.307692307692308	0.374536750904071	0.455528167734639	0.555215247865676	0.763829407484678	0	5	9	13	17	22	25	0	0	0	2	4	7	20	0	2	4	7	12	22	41	0	0	0	0	0	0	0	0	0.833333333333333	0.818181818181818	0.742857142857143	0.68	0.602739726027397	0.450450450450451
078_spades.comp	0	0	1	0.875	1	0.928571428571429	0.9	0.857142857142857	0.923076923076923	0.888888888888889	0.823529411764706	0.777777777777778	0.652173913043478	0.517241379310345	1.4142135623731	0.125	0.0714285714285714	0.174379365939053	0.135140070947367	0.283768540471796	0.595011657547702	0	7	13	18	24	28	30	1	1	1	3	3	8	28	1	0	0	2	2	6	16	0	0	0	0	0	0	0	0	0.933333333333333	0.962962962962963	0.878048780487805	0.905660377358491	0.8	0.576923076923077
079_spades.comp	0	0	1	0.875	1	0.928571428571429	0.947368421052632	0.818181818181818	0.892857142857143	0.833333333333333	0.869565217391304	0.769230769230769	0.716417910447761	0.551724137931034	1.4142135623731	0.125	0.0714285714285714	0.189282683682799	0.198134725917777	0.265080497932232	0.530443258066768	0	7	13	18	25	40	48	1	1	1	4	5	12	39	1	0	0	1	3	6	19	0	0	0	0	0	0	0	0	0.933333333333333	0.962962962962963	0.878048780487805	0.862068965517241	0.816326530612245	0.623376623376623
080_spades.comp	0	0	1	0.857142857142857	1	0.916666666666667	0.9375	0.9375	0.909090909090909	0.909090909090909	0.862068965517241	0.806451612903226	0.714285714285714	0.657894736842105	1.4142135623731	0.142857142857143	0.0833333333333334	0.0883883476483184	0.128564869306645	0.237667726924054	0.445722631399346	0	6	11	15	20	25	25	1	1	1	1	2	6	13	1	0	0	1	2	4	10	0	0	0	0	0	0	0	0	0.923076923076923	0.956521739130435	0.9375	0.909090909090909	0.833333333333333	0.684931506849315
081_spades.comp	0	0	0.666666666666667	0.8	0.818181818181818	0.9	0.882352941176471	0.833333333333333	0.8	0.666666666666667	0.75	0.529411764705882	0.615384615384615	0.333333333333333	1.4142135623731	0.38873012632302	0.20750385837297	0.204006392614557	0.38873012632302	0.532872674470395	0.769658001015571	0	4	9	15	16	18	16	1	1	1	3	8	16	32	1	2	2	2	4	6	10	0	0	0	0	0	0	0	0	0.727272727272727	0.857142857142857	0.857142857142857	0.727272727272727	0.620689655172414	0.432432432432432
082_spades.comp	0	0	1	0.857142857142857	1	0.916666666666667	1	0.85	0.958333333333333	0.821428571428571	0.909090909090909	0.769230769230769	0.777777777777778	0.546875	1.4142135623731	0.142857142857143	0.0833333333333334	0.15	0.183368116675588	0.248030039873681	0.504683050710426	0	6	11	17	23	30	35	1	1	1	3	5	9	29	1	0	0	0	1	3	10	0	0	0	0	0	0	0	0	0.923076923076923	0.956521739130435	0.918918918918919	0.884615384615384	0.833333333333333	0.642201834862385
083_spades.comp	0	0	1	1	1	1	0.857142857142857	0.857142857142857	0.888888888888889	0.888888888888889	0.9	0.9	0.7	0.5	1.4142135623731	0	0	0.202030508910442	0.157134840263677	0.141421356237309	0.58309518948453	0	4	6	6	8	9	7	0	0	0	1	1	1	7	0	0	0	1	1	1	3	0	0	0	0	0	0	0	0	1	1	0.857142857142857	0.888888888888889	0.9	0.583333333333333
084_spades.comp	0	0	1	0.857142857142857	1	0.923076923076923	1	0.894736842105263	0.952380952380952	0.869565217391304	0.888888888888889	0.774193548387097	0.75	0.482142857142857	1.4142135623731	0.142857142857143	0.0769230769230769	0.105263157894737	0.13885534275037	0.251662934502394	0.575044363860879	0	6	12	17	20	24	27	1	1	1	2	3	7	29	1	0	0	0	1	3	9	0	0	0	0	0	0	0	0	0.923076923076923	0.96	0.944444444444444	0.909090909090909	0.827586206896552	0.58695652173913
085_spades.comp	0	0	1	0.833333333333333	1	0.916666666666667	0.941176470588235	0.842105263157895	0.916666666666667	0.88	0.848484848484849	0.848484848484849	0.75609756097561	0.543859649122807	1.4142135623731	0.166666666666667	0.0833333333333334	0.168496158813471	0.146097380005408	0.214274782177742	0.517254694962177	0	5	11	16	22	28	31	1	1	1	3	3	5	26	1	0	0	1	2	5	10	0	0	0	0	0	0	0	0	0.909090909090909	0.956521739130435	0.888888888888889	0.897959183673469	0.848484848484849	0.63265306122449
086_spades.comp	0	0	1	1	1	1	1	1	1	1	1	1	1	1	1.4142135623731	0	0	0	0	0	0	0	1	1	1	1	1	1	0	0	0	0	0	0	0	0	0	0	0	0	0	0	0	0	0	0	0	0	0	0	1	1	1	1	1	1
087_spades.comp	0	0	1	1	0.888888888888889	1	0.8	1	0.846153846153846	1	0.6875	0.916666666666667	0.523809523809524	0.578947368421053	1.4142135623731	0	0.111111111111111	0.2	0.153846153846154	0.323420306172084	0.635643522875888	0	5	8	8	11	11	11	0	0	0	0	0	1	8	0	0	1	2	2	5	10	0	0	0	0	0	0	0	0	1	0.941176470588235	0.888888888888889	0.916666666666667	0.785714285714286	0.55
088_spades.comp	0	0	1	0.857142857142857	0.916666666666667	0.916666666666667	0.894736842105263	0.85	0.846153846153846	0.814814814814815	0.842105263157895	0.744186046511628	0.767857142857143	0.544303797468354	1.4142135623731	0.142857142857143	0.117851130197758	0.183249372195302	0.240753383912513	0.300618573481062	0.511418942867989	0	6	11	17	22	32	43	1	1	1	3	5	11	36	1	0	1	2	4	6	13	0	0	0	0	0	0	0	0	0.923076923076923	0.916666666666667	0.871794871794872	0.830188679245283	0.790123456790123	0.637037037037037
089_spades.comp	0	0	1	1	1	1	0.928571428571429	0.866666666666667	0.789473684210526	0.833333333333333	0.80952380952381	0.708333333333333	0.590909090909091	0.481481481481481	1.4142135623731	0	0	0.151260763564463	0.268512769561648	0.348354164009513	0.660467127075577	0	5	10	13	15	17	13	0	0	0	2	3	7	14	0	0	0	1	4	4	9	0	0	0	0	0	0	0	0	1	1	0.896551724137931	0.810810810810811	0.755555555555556	0.530612244897959
090_spades.comp	0	0	1	0.833333333333333	1	0.888888888888889	1	0.857142857142857	0.9375	0.833333333333333	0.8	0.727272727272727	0.782608695652174	0.620689655172414	1.4142135623731	0.166666666666667	0.111111111111111	0.142857142857143	0.178000078027449	0.338201367958878	0.437190252520881	0	5	8	12	15	16	18	1	1	1	2	3	6	11	1	0	0	0	1	4	5	0	0	0	0	0	0	0	0	0.909090909090909	0.941176470588235	0.923076923076923	0.882352941176471	0.761904761904762	0.692307692307692
091_spades.comp	0	0	1	1	1	1	0.909090909090909	0.909090909090909	0.916666666666667	0.916666666666667	0.916666666666667	0.846153846153846	0.769230769230769	0.625	1.4142135623731	0	0	0.128564869306645	0.117851130197758	0.1749659495379	0.440317428532897	0	5	8	10	11	11	10	0	0	0	1	1	2	6	0	0	0	1	1	1	3	0	0	0	0	0	0	0	0	1	1	0.909090909090909	0.916666666666667	0.88	0.689655172413793
092_spades.comp	0	0	1	0.857142857142857	0.833333333333333	0.909090909090909	0.833333333333333	0.882352941176471	0.740740740740741	0.909090909090909	0.625	0.862068965517241	0.490909090909091	0.642857142857143	1.4142135623731	0.142857142857143	0.189847940699116	0.204006392614557	0.274735921061621	0.399562223281286	0.621871830948445	0	6	10	15	20	25	27	1	1	1	2	2	4	15	1	0	2	3	7	15	28	0	0	0	0	0	0	0	0	0.923076923076923	0.869565217391304	0.857142857142857	0.816326530612245	0.72463768115942	0.556701030927835
093_spades.comp	0	0	1	1	1	0.875	1	0.888888888888889	0.909090909090909	0.909090909090909	0.916666666666667	0.916666666666667	0.846153846153846	0.733333333333333	1.4142135623731	0	0.125	0.111111111111111	0.128564869306645	0.117851130197758	0.307863200406228	0	5	7	8	10	11	11	0	0	1	1	1	1	4	0	0	0	0	1	1	2	0	0	0	0	0	0	0	0	1	0.933333333333333	0.941176470588235	0.909090909090909	0.916666666666667	0.785714285714286
094_spades.comp	0	0	1	0.857142857142857	1	0.923076923076923	1	0.764705882352941	1	0.80952380952381	0.92	0.766666666666667	0.806451612903226	0.581395348837209	1.4142135623731	0.142857142857143	0.0769230769230769	0.235294117647059	0.19047619047619	0.246666666666667	0.461184162914214	0	6	12	13	17	23	25	1	1	1	4	4	7	18	1	0	0	0	0	2	6	0	0	0	0	0	0	0	0	0.923076923076923	0.96	0.866666666666667	0.894736842105263	0.836363636363636	0.675675675675676
095_spades.comp	0	0	1	0.875	1	0.916666666666667	0.933333333333333	0.823529411764706	0.941176470588235	0.727272727272727	0.857142857142857	0.642857142857143	0.739130434782609	0.515151515151515	1.4142135623731	0.125	0.0833333333333334	0.188643348561658	0.278998876165681	0.384654629081036	0.550573322380028	0	7	11	14	16	18	17	1	1	1	3	6	10	16	1	0	0	1	1	3	6	0	0	0	0	0	0	0	0	0.933333333333333	0.956521739130435	0.875	0.82051282051282	0.73469387755102	0.607142857142857
096_spades.comp	0	0	1	0.8	1	0.857142857142857	1	0.75	1	0.6	0.833333333333333	0.454545454545455	0.833333333333333	0.357142857142857	1.4142135623731	0.2	0.142857142857143	0.25	0.4	0.570349400749052	0.664110746713398	0	4	6	6	6	5	5	0	1	1	2	4	6	9	0	0	0	0	0	1	1	0	0	0	0	0	0	0	0	0.888888888888889	0.923076923076923	0.857142857142857	0.75	0.588235294117647	0.5
097_spades.comp	0	0	0.714285714285714	1	0.692307692307692	1	0.6	1	0.466666666666667	1	0.408163265306122	0.909090909090909	0.309859154929577	0.5	1.4142135623731	0.285714285714286	0.307692307692308	0.4	0.533333333333333	0.598778075202348	0.852229068991734	0	5	9	12	14	20	22	0	0	0	0	0	2	22	0	2	4	8	16	29	49	0	0	0	0	0	0	0	0	0.833333333333333	0.818181818181818	0.75	0.636363636363636	0.563380281690141	0.382608695652174
098_spades.comp	0	0	1	0.875	1	0.928571428571429	1	0.863636363636364	0.961538461538462	0.892857142857143	0.971428571428571	0.829268292682927	0.767441860465116	0.492537313432836	1.4142135623731	0.125	0.0714285714285714	0.136363636363636	0.113837084368685	0.173105870535967	0.558212922209698	0	7	13	19	25	34	33	1	1	1	3	3	7	34	1	0	0	0	1	1	10	0	0	0	0	0	0	0	0	0.933333333333333	0.962962962962963	0.926829268292683	0.925925925925926	0.894736842105263	0.6
099_spades.comp	0	0	1	0.875	1	0.928571428571429	0.95	0.863636363636364	0.9	0.870967741935484	0.895833333333333	0.826923076923077	0.765625	0.583333333333333	1.4142135623731	0.125	0.0714285714285714	0.145241320987913	0.163246205533935	0.202005731963773	0.478061451840777	0	7	13	19	27	43	49	1	1	1	3	4	9	35	1	0	0	1	3	5	15	0	0	0	0	0	0	0	0	0.933333333333333	0.962962962962963	0.904761904761905	0.885245901639344	0.86	0.662162162162162
100_spades.comp	0	0	1	0.875	1	0.928571428571429	0.95	0.863636363636364	0.964285714285714	0.870967741935484	0.930232558139535	0.833333333333333	0.779661016949153	0.582278481012658	1.4142135623731	0.125	0.0714285714285714	0.145241320987913	0.133883657797767	0.180680031330336	0.472271674862016	0	7	13	19	27	40	46	1	1	1	3	4	8	33	1	0	0	1	1	3	13	0	0	0	0	0	0	0	0	0.933333333333333	0.962962962962963	0.904761904761905	0.915254237288136	0.879120879120879	0.666666666666667
