Filename	Kingdom_SSV	Kingdom_PPV	Phylum_SSV	Phylum_PPV	Class_SSV	Class_PPV	Order_SSV	Order_PPV	Family_SSV	Family_PPV	Genus_SSV	Genus_PPV	Species_SSV	Species_PPV	Kingdom_Dist	Phylum_Dist	Class_Dist	Order_Dist	Family_Dist	Genus_Dist	Species_Dist	Kingdom_TP	Phylum_TP	Class_TP	Order_TP	Family_TP	Genus_TP	Species_TP	Kingdom_FP	Phylum_FP	Class_FP	Order_FP	Family_FP	Genus_FP	Species_FP	Kingdom_FN	Phylum_FN	Class_FN	Order_FN	Family_FN	Genus_FN	Species_FN	Kingdom_TN	Phylum_TN	Class_TN	Order_TN	Family_TN	Genus_TN	Species_TN	Kingdom_F1	Phylum_F1	Class_F1	Order_F1	Family_F1	Genus_F1	Species_F1
001.comp	0	0	0	0	0	0	0	0	0	0	0.815789473684211	0.96875	0	0	1.4142135623731	1.4142135623731	1.4142135623731	1.4142135623731	1.4142135623731	0.186842394829279	1.4142135623731	0	0	0	0	0	31	0	1	1	1	1	1	1	1	1	6	12	17	24	7	53	0	0	0	0	0	0	0	0	0	0	0	0	0.885714285714286	0
002.comp	0	0	0	0	0	0	0	0	0	0	0.785714285714286	1	0	0	1.4142135623731	1.4142135623731	1.4142135623731	1.4142135623731	1.4142135623731	0.214285714285714	1.4142135623731	0	0	0	0	0	33	0	1	1	1	1	1	0	1	1	7	13	20	28	9	61	0	0	0	0	0	0	0	0	0	0	0	0	0.88	0
003.comp	0	0	0	0	0	0	0	0	0	0	0.875	1	0	0	1.4142135623731	1.4142135623731	1.4142135623731	1.4142135623731	1.4142135623731	0.125	1.4142135623731	0	0	0	0	0	14	0	1	1	1	1	1	0	1	1	6	9	11	14	2	18	0	0	0	0	0	0	0	0	0	0	0	0	0.933333333333333	0
004.comp	0	0	0	0	0	0	0	0	0	0	0.785714285714286	1	0	0	1.4142135623731	1.4142135623731	1.4142135623731	1.4142135623731	1.4142135623731	0.214285714285714	1.4142135623731	0	0	0	0	0	11	0	1	1	1	1	1	0	1	1	5	8	12	13	3	15	0	0	0	0	0	0	0	0	0	0	0	0	0.88	0
011.comp	0	0	0	0	0	0	0	0	0	0	0.896551724137931	1	0	0	1.4142135623731	1.4142135623731	1.4142135623731	1.4142135623731	1.4142135623731	0.103448275862069	1.4142135623731	0	0	0	0	0	26	0	1	1	1	1	1	0	1	1	6	11	17	25	3	35	0	0	0	0	0	0	0	0	0	0	0	0	0.945454545454545	0
012.comp	0	0	0	0	0	0	0	0	0	0	1	1	0	0	1.4142135623731	1.4142135623731	1.4142135623731	1.4142135623731	1.4142135623731	0	1.4142135623731	0	0	0	0	0	1	0	1	1	1	1	1	0	1	1	1	1	1	1	0	1	0	0	0	0	0	0	0	0	0	0	0	0	1	0
014.comp	0	0	0	0	0	0	0	0	0	0	0.857142857142857	1	0	0	1.4142135623731	1.4142135623731	1.4142135623731	1.4142135623731	1.4142135623731	0.142857142857143	1.4142135623731	0	0	0	0	0	18	0	1	1	1	1	1	0	1	1	7	13	14	16	3	22	0	0	0	0	0	0	0	0	0	0	0	0	0.923076923076923	0
015.comp	0	0	0	0	0	0	0	0	0	0	0.852941176470588	1	0	0	1.4142135623731	1.4142135623731	1.4142135623731	1.4142135623731	1.4142135623731	0.147058823529412	1.4142135623731	0	0	0	0	0	29	0	1	1	1	1	1	0	1	1	7	13	20	25	5	44	0	0	0	0	0	0	0	0	0	0	0	0	0.920634920634921	0
022.comp	0	0	0	0	0	0	0	0	0	0	0.8	1	0	0	1.4142135623731	1.4142135623731	1.4142135623731	1.4142135623731	1.4142135623731	0.2	1.4142135623731	0	0	0	0	0	4	0	1	1	1	1	1	0	1	1	4	4	5	5	1	6	0	0	0	0	0	0	0	0	0	0	0	0	0.888888888888889	0
024.comp	0	0	0	0	0	0	0	0	0	0	1	1	0	0	1.4142135623731	1.4142135623731	1.4142135623731	1.4142135623731	1.4142135623731	0	1.4142135623731	0	0	0	0	0	5	0	1	1	1	1	1	0	1	1	3	4	5	5	0	5	0	0	0	0	0	0	0	0	0	0	0	0	1	0
025.comp	0	0	0	0	0	0	0	0	0	0	0.882352941176471	1	0	0	1.4142135623731	1.4142135623731	1.4142135623731	1.4142135623731	1.4142135623731	0.117647058823529	1.4142135623731	0	0	0	0	0	30	0	1	1	1	1	1	0	1	1	6	11	17	25	4	44	0	0	0	0	0	0	0	0	0	0	0	0	0.9375	0
