Filename	Kingdom_SSV	Kingdom_PPV	Phylum_SSV	Phylum_PPV	Class_SSV	Class_PPV	Order_SSV	Order_PPV	Family_SSV	Family_PPV	Genus_SSV	Genus_PPV	Species_SSV	Species_PPV	Kingdom_Dist	Phylum_Dist	Class_Dist	Order_Dist	Family_Dist	Genus_Dist	Species_Dist	Kingdom_TP	Phylum_TP	Class_TP	Order_TP	Family_TP	Genus_TP	Species_TP	Kingdom_FP	Phylum_FP	Class_FP	Order_FP	Family_FP	Genus_FP	Species_FP	Kingdom_FN	Phylum_FN	Class_FN	Order_FN	Family_FN	Genus_FN	Species_FN	Kingdom_TN	Phylum_TN	Class_TN	Order_TN	Family_TN	Genus_TN	Species_TN	Kingdom_F1	Phylum_F1	Class_F1	Order_F1	Family_F1	Genus_F1	Species_F1
consensus_comp/001_consensus.comp	0	0	0	0	0	0	0	0	0	0	0.868421052631579	0.970588235294118	0	0	1.4142135623731	1.4142135623731	1.4142135623731	1.4142135623731	1.4142135623731	0.134826077943756	1.4142135623731	0	0	0	0	0	33	0	1	1	1	1	1	1	1	1	6	12	17	24	5	53	0	0	0	0	0	0	0	0	0	0	0	0	0.916666666666667	0
consensus_comp/002_consensus.comp	0	0	0	0	0	0	0	0	0	0	0.857142857142857	1	0	0	1.4142135623731	1.4142135623731	1.4142135623731	1.4142135623731	1.4142135623731	0.142857142857143	1.4142135623731	0	0	0	0	0	36	0	1	1	1	1	1	0	1	1	7	13	20	28	6	61	0	0	0	0	0	0	0	0	0	0	0	0	0.923076923076923	0
consensus_comp/003_consensus.comp	0	0	0	0	0	0	0	0	0	0	0.875	1	0	0	1.4142135623731	1.4142135623731	1.4142135623731	1.4142135623731	1.4142135623731	0.125	1.4142135623731	0	0	0	0	0	14	0	1	1	1	1	1	0	1	1	6	9	11	14	2	18	0	0	0	0	0	0	0	0	0	0	0	0	0.933333333333333	0
consensus_comp/004_consensus.comp	0	0	0	0	0	0	0	0	0	0	0.857142857142857	1	0	0	1.4142135623731	1.4142135623731	1.4142135623731	1.4142135623731	1.4142135623731	0.142857142857143	1.4142135623731	0	0	0	0	0	12	0	1	1	1	1	1	0	1	1	5	8	12	13	2	15	0	0	0	0	0	0	0	0	0	0	0	0	0.923076923076923	0
consensus_comp/011_consensus.comp	0	0	0	0	0	0	0	0	0	0	0.931034482758621	1	0	0	1.4142135623731	1.4142135623731	1.4142135623731	1.4142135623731	1.4142135623731	0.0689655172413793	1.4142135623731	0	0	0	0	0	27	0	1	1	1	1	1	0	1	1	6	11	17	25	2	35	0	0	0	0	0	0	0	0	0	0	0	0	0.964285714285714	0
consensus_comp/012_consensus.comp	0	0	0	0	0	0	0	0	0	0	1	1	0	0	1.4142135623731	1.4142135623731	1.4142135623731	1.4142135623731	1.4142135623731	0	1.4142135623731	0	0	0	0	0	1	0	1	1	1	1	1	0	1	1	1	1	1	1	0	1	0	0	0	0	0	0	0	0	0	0	0	0	1	0
consensus_comp/014_consensus.comp	0	0	0	0	0	0	0	0	0	0	0.904761904761905	1	0	0	1.4142135623731	1.4142135623731	1.4142135623731	1.4142135623731	1.4142135623731	0.0952380952380952	1.4142135623731	0	0	0	0	0	19	0	1	1	1	1	1	0	1	1	7	13	14	16	2	22	0	0	0	0	0	0	0	0	0	0	0	0	0.95	0
consensus_comp/015_consensus.comp	0	0	0	0	0	0	0	0	0	0	0.911764705882353	1	0	0	1.4142135623731	1.4142135623731	1.4142135623731	1.4142135623731	1.4142135623731	0.0882352941176471	1.4142135623731	0	0	0	0	0	31	0	1	1	1	1	1	0	1	1	7	13	20	25	3	44	0	0	0	0	0	0	0	0	0	0	0	0	0.953846153846154	0
consensus_comp/022_consensus.comp	0	0	0	0	0	0	0	0	0	0	0.8	1	0	0	1.4142135623731	1.4142135623731	1.4142135623731	1.4142135623731	1.4142135623731	0.2	1.4142135623731	0	0	0	0	0	4	0	1	1	1	1	1	0	1	1	4	4	5	5	1	6	0	0	0	0	0	0	0	0	0	0	0	0	0.888888888888889	0
consensus_comp/024_consensus.comp	0	0	0	0	0	0	0	0	0	0	1	1	0	0	1.4142135623731	1.4142135623731	1.4142135623731	1.4142135623731	1.4142135623731	0	1.4142135623731	0	0	0	0	0	5	0	1	1	1	1	1	0	1	1	3	4	5	5	0	5	0	0	0	0	0	0	0	0	0	0	0	0	1	0
consensus_comp/025_consensus.comp	0	0	0	0	0	0	0	0	0	0	0.970588235294118	1	0	0	1.4142135623731	1.4142135623731	1.4142135623731	1.4142135623731	1.4142135623731	0.0294117647058824	1.4142135623731	0	0	0	0	0	33	0	1	1	1	1	1	0	1	1	6	11	17	25	1	44	0	0	0	0	0	0	0	0	0	0	0	0	0.985074626865672	0
