Filename	Kingdom_SSV	Kingdom_PPV	Phylum_SSV	Phylum_PPV	Class_SSV	Class_PPV	Order_SSV	Order_PPV	Family_SSV	Family_PPV	Genus_SSV	Genus_PPV	Species_SSV	Species_PPV	Kingdom_Dist	Phylum_Dist	Class_Dist	Order_Dist	Family_Dist	Genus_Dist	Species_Dist	Kingdom_TP	Phylum_TP	Class_TP	Order_TP	Family_TP	Genus_TP	Species_TP	Kingdom_FP	Phylum_FP	Class_FP	Order_FP	Family_FP	Genus_FP	Species_FP	Kingdom_FN	Phylum_FN	Class_FN	Order_FN	Family_FN	Genus_FN	Species_FN	Kingdom_TN	Phylum_TN	Class_TN	Order_TN	Family_TN	Genus_TN	Species_TN	Kingdom_F1	Phylum_F1	Class_F1	Order_F1	Family_F1	Genus_F1	Species_F1
001_intersect.comp	0	0	0	0	0	0	0	0	0	0	0.842105263157895	0.96969696969697	0	0	1.4142135623731	1.4142135623731	1.4142135623731	1.4142135623731	1.4142135623731	0.160776309100514	1.4142135623731	0	0	0	0	0	32	0	1	1	1	1	1	1	1	1	6	12	17	24	6	53	0	0	0	0	0	0	0	0	0	0	0	0	0.901408450704225	0
002_intersect.comp	0	0	0	0	0	0	0	0	0	0	0.833333333333333	1	0	0	1.4142135623731	1.4142135623731	1.4142135623731	1.4142135623731	1.4142135623731	0.166666666666667	1.4142135623731	0	0	0	0	0	35	0	1	1	1	1	1	0	1	1	7	13	20	28	7	61	0	0	0	0	0	0	0	0	0	0	0	0	0.909090909090909	0
003_intersect.comp	0	0	0	0	0	0	0	0	0	0	0.875	1	0	0	1.4142135623731	1.4142135623731	1.4142135623731	1.4142135623731	1.4142135623731	0.125	1.4142135623731	0	0	0	0	0	14	0	1	1	1	1	1	0	1	1	6	9	11	14	2	18	0	0	0	0	0	0	0	0	0	0	0	0	0.933333333333333	0
004_intersect.comp	0	0	0	0	0	0	0	0	0	0	0.857142857142857	1	0	0	1.4142135623731	1.4142135623731	1.4142135623731	1.4142135623731	1.4142135623731	0.142857142857143	1.4142135623731	0	0	0	0	0	12	0	1	1	1	1	1	0	1	1	5	8	12	13	2	15	0	0	0	0	0	0	0	0	0	0	0	0	0.923076923076923	0
011_intersect.comp	0	0	0	0	0	0	0	0	0	0	0.896551724137931	1	0	0	1.4142135623731	1.4142135623731	1.4142135623731	1.4142135623731	1.4142135623731	0.103448275862069	1.4142135623731	0	0	0	0	0	26	0	1	1	1	1	1	0	1	1	6	11	17	25	3	35	0	0	0	0	0	0	0	0	0	0	0	0	0.945454545454545	0
012_intersect.comp	0	0	0	0	0	0	0	0	0	0	1	1	0	0	1.4142135623731	1.4142135623731	1.4142135623731	1.4142135623731	1.4142135623731	0	1.4142135623731	0	0	0	0	0	1	0	1	1	1	1	1	0	1	1	1	1	1	1	0	1	0	0	0	0	0	0	0	0	0	0	0	0	1	0
014_intersect.comp	0	0	0	0	0	0	0	0	0	0	0.761904761904762	1	0	0	1.4142135623731	1.4142135623731	1.4142135623731	1.4142135623731	1.4142135623731	0.238095238095238	1.4142135623731	0	0	0	0	0	16	0	1	1	1	1	1	0	1	1	7	13	14	16	5	22	0	0	0	0	0	0	0	0	0	0	0	0	0.864864864864865	0
015_intersect.comp	0	0	0	0	0	0	0	0	0	0	0.911764705882353	1	0	0	1.4142135623731	1.4142135623731	1.4142135623731	1.4142135623731	1.4142135623731	0.0882352941176471	1.4142135623731	0	0	0	0	0	31	0	1	1	1	1	1	0	1	1	7	13	20	25	3	44	0	0	0	0	0	0	0	0	0	0	0	0	0.953846153846154	0
022_intersect.comp	0	0	0	0	0	0	0	0	0	0	0.8	1	0	0	1.4142135623731	1.4142135623731	1.4142135623731	1.4142135623731	1.4142135623731	0.2	1.4142135623731	0	0	0	0	0	4	0	1	1	1	1	1	0	1	1	4	4	5	5	1	6	0	0	0	0	0	0	0	0	0	0	0	0	0.888888888888889	0
024_intersect.comp	0	0	0	0	0	0	0	0	0	0	0.8	1	0	0	1.4142135623731	1.4142135623731	1.4142135623731	1.4142135623731	1.4142135623731	0.2	1.4142135623731	0	0	0	0	0	4	0	1	1	1	1	1	0	1	1	3	4	5	5	1	5	0	0	0	0	0	0	0	0	0	0	0	0	0.888888888888889	0
025_intersect.comp	0	0	0	0	0	0	0	0	0	0	0.941176470588235	1	0	0	1.4142135623731	1.4142135623731	1.4142135623731	1.4142135623731	1.4142135623731	0.0588235294117647	1.4142135623731	0	0	0	0	0	32	0	1	1	1	1	1	0	1	1	6	11	17	25	2	44	0	0	0	0	0	0	0	0	0	0	0	0	0.96969696969697	0
